        1500
     1     3      1
     2     4      1
     1     2      3
     2    61      2
     2     3      2
     2    63      3
     3     5      1
     4     6      1
     3     4      3
     4    63      2
     4     5      2
     4    65      3
     5     7      1
     6     8      1
     5     6      3
     6    65      2
     6     7      2
     6    67      3
     7     9      1
     8    10      1
     7     8      3
     8    67      2
     8     9      2
     8    69      3
     9    11      1
    10    12      1
     9    10      3
    10    69      2
    10    11      2
    10    71      3
    11    13      1
    12    14      1
    11    12      3
    12    71      2
    12    13      2
    12    73      3
    13    15      1
    14    16      1
    13    14      3
    14    73      2
    14    15      2
    14    75      3
    15    17      1
    16    18      1
    15    16      3
    16    75      2
    16    17      2
    16    77      3
    17    19      1
    18    20      1
    17    18      3
    18    77      2
    18    19      2
    18    79      3
    19    21      1
    20    22      1
    19    20      3
    20    79      2
    20    21      2
    20    81      3
    21    23      1
    22    24      1
    21    22      3
    22    81      2
    22    23      2
    22    83      3
    23    25      1
    24    26      1
    23    24      3
    24    83      2
    24    25      2
    24    85      3
    25    27      1
    26    28      1
    25    26      3
    26    85      2
    26    27      2
    26    87      3
    27    29      1
    28    30      1
    27    28      3
    28    87      2
    28    29      2
    28    89      3
    29    31      1
    30    32      1
    29    30      3
    30    89      2
    30    31      2
    30    91      3
    31    33      1
    32    34      1
    31    32      3
    32    91      2
    32    33      2
    32    93      3
    33    35      1
    34    36      1
    33    34      3
    34    93      2
    34    35      2
    34    95      3
    35    37      1
    36    38      1
    35    36      3
    36    95      2
    36    37      2
    36    97      3
    37    39      1
    38    40      1
    37    38      3
    38    97      2
    38    39      2
    38    99      3
    39    41      1
    40    42      1
    39    40      3
    40    99      2
    40    41      2
    40   101      3
    41    43      1
    42    44      1
    41    42      3
    42   101      2
    42    43      2
    42   103      3
    43    45      1
    44    46      1
    43    44      3
    44   103      2
    44    45      2
    44   105      3
    45    47      1
    46    48      1
    45    46      3
    46   105      2
    46    47      2
    46   107      3
    47    49      1
    48    50      1
    47    48      3
    48   107      2
    48    49      2
    48   109      3
    49    51      1
    50    52      1
    49    50      3
    50   109      2
    50    51      2
    50   111      3
    51    53      1
    52    54      1
    51    52      3
    52   111      2
    52    53      2
    52   113      3
    53    55      1
    54    56      1
    53    54      3
    54   113      2
    54    55      2
    54   115      3
    55    57      1
    56    58      1
    55    56      3
    56   115      2
    56    57      2
    56   117      3
    57    59      1
    58    60      1
    57    58      3
    58   117      2
    58    59      2
    58   119      3
    59     1      1
    60     2      1
    59    60      3
    60   119      2
    60     1      2
    60    61      3
    61    63      1
    62    64      1
    61    62      3
    62   121      2
    62    63      2
    62   123      3
    63    65      1
    64    66      1
    63    64      3
    64   123      2
    64    65      2
    64   125      3
    65    67      1
    66    68      1
    65    66      3
    66   125      2
    66    67      2
    66   127      3
    67    69      1
    68    70      1
    67    68      3
    68   127      2
    68    69      2
    68   129      3
    69    71      1
    70    72      1
    69    70      3
    70   129      2
    70    71      2
    70   131      3
    71    73      1
    72    74      1
    71    72      3
    72   131      2
    72    73      2
    72   133      3
    73    75      1
    74    76      1
    73    74      3
    74   133      2
    74    75      2
    74   135      3
    75    77      1
    76    78      1
    75    76      3
    76   135      2
    76    77      2
    76   137      3
    77    79      1
    78    80      1
    77    78      3
    78   137      2
    78    79      2
    78   139      3
    79    81      1
    80    82      1
    79    80      3
    80   139      2
    80    81      2
    80   141      3
    81    83      1
    82    84      1
    81    82      3
    82   141      2
    82    83      2
    82   143      3
    83    85      1
    84    86      1
    83    84      3
    84   143      2
    84    85      2
    84   145      3
    85    87      1
    86    88      1
    85    86      3
    86   145      2
    86    87      2
    86   147      3
    87    89      1
    88    90      1
    87    88      3
    88   147      2
    88    89      2
    88   149      3
    89    91      1
    90    92      1
    89    90      3
    90   149      2
    90    91      2
    90   151      3
    91    93      1
    92    94      1
    91    92      3
    92   151      2
    92    93      2
    92   153      3
    93    95      1
    94    96      1
    93    94      3
    94   153      2
    94    95      2
    94   155      3
    95    97      1
    96    98      1
    95    96      3
    96   155      2
    96    97      2
    96   157      3
    97    99      1
    98   100      1
    97    98      3
    98   157      2
    98    99      2
    98   159      3
    99   101      1
   100   102      1
    99   100      3
   100   159      2
   100   101      2
   100   161      3
   101   103      1
   102   104      1
   101   102      3
   102   161      2
   102   103      2
   102   163      3
   103   105      1
   104   106      1
   103   104      3
   104   163      2
   104   105      2
   104   165      3
   105   107      1
   106   108      1
   105   106      3
   106   165      2
   106   107      2
   106   167      3
   107   109      1
   108   110      1
   107   108      3
   108   167      2
   108   109      2
   108   169      3
   109   111      1
   110   112      1
   109   110      3
   110   169      2
   110   111      2
   110   171      3
   111   113      1
   112   114      1
   111   112      3
   112   171      2
   112   113      2
   112   173      3
   113   115      1
   114   116      1
   113   114      3
   114   173      2
   114   115      2
   114   175      3
   115   117      1
   116   118      1
   115   116      3
   116   175      2
   116   117      2
   116   177      3
   117   119      1
   118   120      1
   117   118      3
   118   177      2
   118   119      2
   118   179      3
   119    61      1
   120    62      1
   119   120      3
   120   179      2
   120    61      2
   120   121      3
   121   123      1
   122   124      1
   121   122      3
   122   181      2
   122   123      2
   122   183      3
   123   125      1
   124   126      1
   123   124      3
   124   183      2
   124   125      2
   124   185      3
   125   127      1
   126   128      1
   125   126      3
   126   185      2
   126   127      2
   126   187      3
   127   129      1
   128   130      1
   127   128      3
   128   187      2
   128   129      2
   128   189      3
   129   131      1
   130   132      1
   129   130      3
   130   189      2
   130   131      2
   130   191      3
   131   133      1
   132   134      1
   131   132      3
   132   191      2
   132   133      2
   132   193      3
   133   135      1
   134   136      1
   133   134      3
   134   193      2
   134   135      2
   134   195      3
   135   137      1
   136   138      1
   135   136      3
   136   195      2
   136   137      2
   136   197      3
   137   139      1
   138   140      1
   137   138      3
   138   197      2
   138   139      2
   138   199      3
   139   141      1
   140   142      1
   139   140      3
   140   199      2
   140   141      2
   140   201      3
   141   143      1
   142   144      1
   141   142      3
   142   201      2
   142   143      2
   142   203      3
   143   145      1
   144   146      1
   143   144      3
   144   203      2
   144   145      2
   144   205      3
   145   147      1
   146   148      1
   145   146      3
   146   205      2
   146   147      2
   146   207      3
   147   149      1
   148   150      1
   147   148      3
   148   207      2
   148   149      2
   148   209      3
   149   151      1
   150   152      1
   149   150      3
   150   209      2
   150   151      2
   150   211      3
   151   153      1
   152   154      1
   151   152      3
   152   211      2
   152   153      2
   152   213      3
   153   155      1
   154   156      1
   153   154      3
   154   213      2
   154   155      2
   154   215      3
   155   157      1
   156   158      1
   155   156      3
   156   215      2
   156   157      2
   156   217      3
   157   159      1
   158   160      1
   157   158      3
   158   217      2
   158   159      2
   158   219      3
   159   161      1
   160   162      1
   159   160      3
   160   219      2
   160   161      2
   160   221      3
   161   163      1
   162   164      1
   161   162      3
   162   221      2
   162   163      2
   162   223      3
   163   165      1
   164   166      1
   163   164      3
   164   223      2
   164   165      2
   164   225      3
   165   167      1
   166   168      1
   165   166      3
   166   225      2
   166   167      2
   166   227      3
   167   169      1
   168   170      1
   167   168      3
   168   227      2
   168   169      2
   168   229      3
   169   171      1
   170   172      1
   169   170      3
   170   229      2
   170   171      2
   170   231      3
   171   173      1
   172   174      1
   171   172      3
   172   231      2
   172   173      2
   172   233      3
   173   175      1
   174   176      1
   173   174      3
   174   233      2
   174   175      2
   174   235      3
   175   177      1
   176   178      1
   175   176      3
   176   235      2
   176   177      2
   176   237      3
   177   179      1
   178   180      1
   177   178      3
   178   237      2
   178   179      2
   178   239      3
   179   121      1
   180   122      1
   179   180      3
   180   239      2
   180   121      2
   180   181      3
   181   183      1
   182   184      1
   181   182      3
   182   241      2
   182   183      2
   182   243      3
   183   185      1
   184   186      1
   183   184      3
   184   243      2
   184   185      2
   184   245      3
   185   187      1
   186   188      1
   185   186      3
   186   245      2
   186   187      2
   186   247      3
   187   189      1
   188   190      1
   187   188      3
   188   247      2
   188   189      2
   188   249      3
   189   191      1
   190   192      1
   189   190      3
   190   249      2
   190   191      2
   190   251      3
   191   193      1
   192   194      1
   191   192      3
   192   251      2
   192   193      2
   192   253      3
   193   195      1
   194   196      1
   193   194      3
   194   253      2
   194   195      2
   194   255      3
   195   197      1
   196   198      1
   195   196      3
   196   255      2
   196   197      2
   196   257      3
   197   199      1
   198   200      1
   197   198      3
   198   257      2
   198   199      2
   198   259      3
   199   201      1
   200   202      1
   199   200      3
   200   259      2
   200   201      2
   200   261      3
   201   203      1
   202   204      1
   201   202      3
   202   261      2
   202   203      2
   202   263      3
   203   205      1
   204   206      1
   203   204      3
   204   263      2
   204   205      2
   204   265      3
   205   207      1
   206   208      1
   205   206      3
   206   265      2
   206   207      2
   206   267      3
   207   209      1
   208   210      1
   207   208      3
   208   267      2
   208   209      2
   208   269      3
   209   211      1
   210   212      1
   209   210      3
   210   269      2
   210   211      2
   210   271      3
   211   213      1
   212   214      1
   211   212      3
   212   271      2
   212   213      2
   212   273      3
   213   215      1
   214   216      1
   213   214      3
   214   273      2
   214   215      2
   214   275      3
   215   217      1
   216   218      1
   215   216      3
   216   275      2
   216   217      2
   216   277      3
   217   219      1
   218   220      1
   217   218      3
   218   277      2
   218   219      2
   218   279      3
   219   221      1
   220   222      1
   219   220      3
   220   279      2
   220   221      2
   220   281      3
   221   223      1
   222   224      1
   221   222      3
   222   281      2
   222   223      2
   222   283      3
   223   225      1
   224   226      1
   223   224      3
   224   283      2
   224   225      2
   224   285      3
   225   227      1
   226   228      1
   225   226      3
   226   285      2
   226   227      2
   226   287      3
   227   229      1
   228   230      1
   227   228      3
   228   287      2
   228   229      2
   228   289      3
   229   231      1
   230   232      1
   229   230      3
   230   289      2
   230   231      2
   230   291      3
   231   233      1
   232   234      1
   231   232      3
   232   291      2
   232   233      2
   232   293      3
   233   235      1
   234   236      1
   233   234      3
   234   293      2
   234   235      2
   234   295      3
   235   237      1
   236   238      1
   235   236      3
   236   295      2
   236   237      2
   236   297      3
   237   239      1
   238   240      1
   237   238      3
   238   297      2
   238   239      2
   238   299      3
   239   181      1
   240   182      1
   239   240      3
   240   299      2
   240   181      2
   240   241      3
   241   243      1
   242   244      1
   241   242      3
   242   301      2
   242   243      2
   242   303      3
   243   245      1
   244   246      1
   243   244      3
   244   303      2
   244   245      2
   244   305      3
   245   247      1
   246   248      1
   245   246      3
   246   305      2
   246   247      2
   246   307      3
   247   249      1
   248   250      1
   247   248      3
   248   307      2
   248   249      2
   248   309      3
   249   251      1
   250   252      1
   249   250      3
   250   309      2
   250   251      2
   250   311      3
   251   253      1
   252   254      1
   251   252      3
   252   311      2
   252   253      2
   252   313      3
   253   255      1
   254   256      1
   253   254      3
   254   313      2
   254   255      2
   254   315      3
   255   257      1
   256   258      1
   255   256      3
   256   315      2
   256   257      2
   256   317      3
   257   259      1
   258   260      1
   257   258      3
   258   317      2
   258   259      2
   258   319      3
   259   261      1
   260   262      1
   259   260      3
   260   319      2
   260   261      2
   260   321      3
   261   263      1
   262   264      1
   261   262      3
   262   321      2
   262   263      2
   262   323      3
   263   265      1
   264   266      1
   263   264      3
   264   323      2
   264   265      2
   264   325      3
   265   267      1
   266   268      1
   265   266      3
   266   325      2
   266   267      2
   266   327      3
   267   269      1
   268   270      1
   267   268      3
   268   327      2
   268   269      2
   268   329      3
   269   271      1
   270   272      1
   269   270      3
   270   329      2
   270   271      2
   270   331      3
   271   273      1
   272   274      1
   271   272      3
   272   331      2
   272   273      2
   272   333      3
   273   275      1
   274   276      1
   273   274      3
   274   333      2
   274   275      2
   274   335      3
   275   277      1
   276   278      1
   275   276      3
   276   335      2
   276   277      2
   276   337      3
   277   279      1
   278   280      1
   277   278      3
   278   337      2
   278   279      2
   278   339      3
   279   281      1
   280   282      1
   279   280      3
   280   339      2
   280   281      2
   280   341      3
   281   283      1
   282   284      1
   281   282      3
   282   341      2
   282   283      2
   282   343      3
   283   285      1
   284   286      1
   283   284      3
   284   343      2
   284   285      2
   284   345      3
   285   287      1
   286   288      1
   285   286      3
   286   345      2
   286   287      2
   286   347      3
   287   289      1
   288   290      1
   287   288      3
   288   347      2
   288   289      2
   288   349      3
   289   291      1
   290   292      1
   289   290      3
   290   349      2
   290   291      2
   290   351      3
   291   293      1
   292   294      1
   291   292      3
   292   351      2
   292   293      2
   292   353      3
   293   295      1
   294   296      1
   293   294      3
   294   353      2
   294   295      2
   294   355      3
   295   297      1
   296   298      1
   295   296      3
   296   355      2
   296   297      2
   296   357      3
   297   299      1
   298   300      1
   297   298      3
   298   357      2
   298   299      2
   298   359      3
   299   241      1
   300   242      1
   299   300      3
   300   359      2
   300   241      2
   300   301      3
   301   303      1
   302   304      1
   301   302      3
   302   361      2
   302   303      2
   302   363      3
   303   305      1
   304   306      1
   303   304      3
   304   363      2
   304   305      2
   304   365      3
   305   307      1
   306   308      1
   305   306      3
   306   365      2
   306   307      2
   306   367      3
   307   309      1
   308   310      1
   307   308      3
   308   367      2
   308   309      2
   308   369      3
   309   311      1
   310   312      1
   309   310      3
   310   369      2
   310   311      2
   310   371      3
   311   313      1
   312   314      1
   311   312      3
   312   371      2
   312   313      2
   312   373      3
   313   315      1
   314   316      1
   313   314      3
   314   373      2
   314   315      2
   314   375      3
   315   317      1
   316   318      1
   315   316      3
   316   375      2
   316   317      2
   316   377      3
   317   319      1
   318   320      1
   317   318      3
   318   377      2
   318   319      2
   318   379      3
   319   321      1
   320   322      1
   319   320      3
   320   379      2
   320   321      2
   320   381      3
   321   323      1
   322   324      1
   321   322      3
   322   381      2
   322   323      2
   322   383      3
   323   325      1
   324   326      1
   323   324      3
   324   383      2
   324   325      2
   324   385      3
   325   327      1
   326   328      1
   325   326      3
   326   385      2
   326   327      2
   326   387      3
   327   329      1
   328   330      1
   327   328      3
   328   387      2
   328   329      2
   328   389      3
   329   331      1
   330   332      1
   329   330      3
   330   389      2
   330   331      2
   330   391      3
   331   333      1
   332   334      1
   331   332      3
   332   391      2
   332   333      2
   332   393      3
   333   335      1
   334   336      1
   333   334      3
   334   393      2
   334   335      2
   334   395      3
   335   337      1
   336   338      1
   335   336      3
   336   395      2
   336   337      2
   336   397      3
   337   339      1
   338   340      1
   337   338      3
   338   397      2
   338   339      2
   338   399      3
   339   341      1
   340   342      1
   339   340      3
   340   399      2
   340   341      2
   340   401      3
   341   343      1
   342   344      1
   341   342      3
   342   401      2
   342   343      2
   342   403      3
   343   345      1
   344   346      1
   343   344      3
   344   403      2
   344   345      2
   344   405      3
   345   347      1
   346   348      1
   345   346      3
   346   405      2
   346   347      2
   346   407      3
   347   349      1
   348   350      1
   347   348      3
   348   407      2
   348   349      2
   348   409      3
   349   351      1
   350   352      1
   349   350      3
   350   409      2
   350   351      2
   350   411      3
   351   353      1
   352   354      1
   351   352      3
   352   411      2
   352   353      2
   352   413      3
   353   355      1
   354   356      1
   353   354      3
   354   413      2
   354   355      2
   354   415      3
   355   357      1
   356   358      1
   355   356      3
   356   415      2
   356   357      2
   356   417      3
   357   359      1
   358   360      1
   357   358      3
   358   417      2
   358   359      2
   358   419      3
   359   301      1
   360   302      1
   359   360      3
   360   419      2
   360   301      2
   360   361      3
   361   363      1
   362   364      1
   361   362      3
   362   421      2
   362   363      2
   362   423      3
   363   365      1
   364   366      1
   363   364      3
   364   423      2
   364   365      2
   364   425      3
   365   367      1
   366   368      1
   365   366      3
   366   425      2
   366   367      2
   366   427      3
   367   369      1
   368   370      1
   367   368      3
   368   427      2
   368   369      2
   368   429      3
   369   371      1
   370   372      1
   369   370      3
   370   429      2
   370   371      2
   370   431      3
   371   373      1
   372   374      1
   371   372      3
   372   431      2
   372   373      2
   372   433      3
   373   375      1
   374   376      1
   373   374      3
   374   433      2
   374   375      2
   374   435      3
   375   377      1
   376   378      1
   375   376      3
   376   435      2
   376   377      2
   376   437      3
   377   379      1
   378   380      1
   377   378      3
   378   437      2
   378   379      2
   378   439      3
   379   381      1
   380   382      1
   379   380      3
   380   439      2
   380   381      2
   380   441      3
   381   383      1
   382   384      1
   381   382      3
   382   441      2
   382   383      2
   382   443      3
   383   385      1
   384   386      1
   383   384      3
   384   443      2
   384   385      2
   384   445      3
   385   387      1
   386   388      1
   385   386      3
   386   445      2
   386   387      2
   386   447      3
   387   389      1
   388   390      1
   387   388      3
   388   447      2
   388   389      2
   388   449      3
   389   391      1
   390   392      1
   389   390      3
   390   449      2
   390   391      2
   390   451      3
   391   393      1
   392   394      1
   391   392      3
   392   451      2
   392   393      2
   392   453      3
   393   395      1
   394   396      1
   393   394      3
   394   453      2
   394   395      2
   394   455      3
   395   397      1
   396   398      1
   395   396      3
   396   455      2
   396   397      2
   396   457      3
   397   399      1
   398   400      1
   397   398      3
   398   457      2
   398   399      2
   398   459      3
   399   401      1
   400   402      1
   399   400      3
   400   459      2
   400   401      2
   400   461      3
   401   403      1
   402   404      1
   401   402      3
   402   461      2
   402   403      2
   402   463      3
   403   405      1
   404   406      1
   403   404      3
   404   463      2
   404   405      2
   404   465      3
   405   407      1
   406   408      1
   405   406      3
   406   465      2
   406   407      2
   406   467      3
   407   409      1
   408   410      1
   407   408      3
   408   467      2
   408   409      2
   408   469      3
   409   411      1
   410   412      1
   409   410      3
   410   469      2
   410   411      2
   410   471      3
   411   413      1
   412   414      1
   411   412      3
   412   471      2
   412   413      2
   412   473      3
   413   415      1
   414   416      1
   413   414      3
   414   473      2
   414   415      2
   414   475      3
   415   417      1
   416   418      1
   415   416      3
   416   475      2
   416   417      2
   416   477      3
   417   419      1
   418   420      1
   417   418      3
   418   477      2
   418   419      2
   418   479      3
   419   361      1
   420   362      1
   419   420      3
   420   479      2
   420   361      2
   420   421      3
   421   423      1
   422   424      1
   421   422      3
   422   481      2
   422   423      2
   422   483      3
   423   425      1
   424   426      1
   423   424      3
   424   483      2
   424   425      2
   424   485      3
   425   427      1
   426   428      1
   425   426      3
   426   485      2
   426   427      2
   426   487      3
   427   429      1
   428   430      1
   427   428      3
   428   487      2
   428   429      2
   428   489      3
   429   431      1
   430   432      1
   429   430      3
   430   489      2
   430   431      2
   430   491      3
   431   433      1
   432   434      1
   431   432      3
   432   491      2
   432   433      2
   432   493      3
   433   435      1
   434   436      1
   433   434      3
   434   493      2
   434   435      2
   434   495      3
   435   437      1
   436   438      1
   435   436      3
   436   495      2
   436   437      2
   436   497      3
   437   439      1
   438   440      1
   437   438      3
   438   497      2
   438   439      2
   438   499      3
   439   441      1
   440   442      1
   439   440      3
   440   499      2
   440   441      2
   440   501      3
   441   443      1
   442   444      1
   441   442      3
   442   501      2
   442   443      2
   442   503      3
   443   445      1
   444   446      1
   443   444      3
   444   503      2
   444   445      2
   444   505      3
   445   447      1
   446   448      1
   445   446      3
   446   505      2
   446   447      2
   446   507      3
   447   449      1
   448   450      1
   447   448      3
   448   507      2
   448   449      2
   448   509      3
   449   451      1
   450   452      1
   449   450      3
   450   509      2
   450   451      2
   450   511      3
   451   453      1
   452   454      1
   451   452      3
   452   511      2
   452   453      2
   452   513      3
   453   455      1
   454   456      1
   453   454      3
   454   513      2
   454   455      2
   454   515      3
   455   457      1
   456   458      1
   455   456      3
   456   515      2
   456   457      2
   456   517      3
   457   459      1
   458   460      1
   457   458      3
   458   517      2
   458   459      2
   458   519      3
   459   461      1
   460   462      1
   459   460      3
   460   519      2
   460   461      2
   460   521      3
   461   463      1
   462   464      1
   461   462      3
   462   521      2
   462   463      2
   462   523      3
   463   465      1
   464   466      1
   463   464      3
   464   523      2
   464   465      2
   464   525      3
   465   467      1
   466   468      1
   465   466      3
   466   525      2
   466   467      2
   466   527      3
   467   469      1
   468   470      1
   467   468      3
   468   527      2
   468   469      2
   468   529      3
   469   471      1
   470   472      1
   469   470      3
   470   529      2
   470   471      2
   470   531      3
   471   473      1
   472   474      1
   471   472      3
   472   531      2
   472   473      2
   472   533      3
   473   475      1
   474   476      1
   473   474      3
   474   533      2
   474   475      2
   474   535      3
   475   477      1
   476   478      1
   475   476      3
   476   535      2
   476   477      2
   476   537      3
   477   479      1
   478   480      1
   477   478      3
   478   537      2
   478   479      2
   478   539      3
   479   421      1
   480   422      1
   479   480      3
   480   539      2
   480   421      2
   480   481      3
   481   483      1
   482   484      1
   481   482      3
   482   541      2
   482   483      2
   482   543      3
   483   485      1
   484   486      1
   483   484      3
   484   543      2
   484   485      2
   484   545      3
   485   487      1
   486   488      1
   485   486      3
   486   545      2
   486   487      2
   486   547      3
   487   489      1
   488   490      1
   487   488      3
   488   547      2
   488   489      2
   488   549      3
   489   491      1
   490   492      1
   489   490      3
   490   549      2
   490   491      2
   490   551      3
   491   493      1
   492   494      1
   491   492      3
   492   551      2
   492   493      2
   492   553      3
   493   495      1
   494   496      1
   493   494      3
   494   553      2
   494   495      2
   494   555      3
   495   497      1
   496   498      1
   495   496      3
   496   555      2
   496   497      2
   496   557      3
   497   499      1
   498   500      1
   497   498      3
   498   557      2
   498   499      2
   498   559      3
   499   501      1
   500   502      1
   499   500      3
   500   559      2
   500   501      2
   500   561      3
   501   503      1
   502   504      1
   501   502      3
   502   561      2
   502   503      2
   502   563      3
   503   505      1
   504   506      1
   503   504      3
   504   563      2
   504   505      2
   504   565      3
   505   507      1
   506   508      1
   505   506      3
   506   565      2
   506   507      2
   506   567      3
   507   509      1
   508   510      1
   507   508      3
   508   567      2
   508   509      2
   508   569      3
   509   511      1
   510   512      1
   509   510      3
   510   569      2
   510   511      2
   510   571      3
   511   513      1
   512   514      1
   511   512      3
   512   571      2
   512   513      2
   512   573      3
   513   515      1
   514   516      1
   513   514      3
   514   573      2
   514   515      2
   514   575      3
   515   517      1
   516   518      1
   515   516      3
   516   575      2
   516   517      2
   516   577      3
   517   519      1
   518   520      1
   517   518      3
   518   577      2
   518   519      2
   518   579      3
   519   521      1
   520   522      1
   519   520      3
   520   579      2
   520   521      2
   520   581      3
   521   523      1
   522   524      1
   521   522      3
   522   581      2
   522   523      2
   522   583      3
   523   525      1
   524   526      1
   523   524      3
   524   583      2
   524   525      2
   524   585      3
   525   527      1
   526   528      1
   525   526      3
   526   585      2
   526   527      2
   526   587      3
   527   529      1
   528   530      1
   527   528      3
   528   587      2
   528   529      2
   528   589      3
   529   531      1
   530   532      1
   529   530      3
   530   589      2
   530   531      2
   530   591      3
   531   533      1
   532   534      1
   531   532      3
   532   591      2
   532   533      2
   532   593      3
   533   535      1
   534   536      1
   533   534      3
   534   593      2
   534   535      2
   534   595      3
   535   537      1
   536   538      1
   535   536      3
   536   595      2
   536   537      2
   536   597      3
   537   539      1
   538   540      1
   537   538      3
   538   597      2
   538   539      2
   538   599      3
   539   481      1
   540   482      1
   539   540      3
   540   599      2
   540   481      2
   540   541      3
   541   543      1
   542   544      1
   541   542      3
   542   601      2
   542   543      2
   542   603      3
   543   545      1
   544   546      1
   543   544      3
   544   603      2
   544   545      2
   544   605      3
   545   547      1
   546   548      1
   545   546      3
   546   605      2
   546   547      2
   546   607      3
   547   549      1
   548   550      1
   547   548      3
   548   607      2
   548   549      2
   548   609      3
   549   551      1
   550   552      1
   549   550      3
   550   609      2
   550   551      2
   550   611      3
   551   553      1
   552   554      1
   551   552      3
   552   611      2
   552   553      2
   552   613      3
   553   555      1
   554   556      1
   553   554      3
   554   613      2
   554   555      2
   554   615      3
   555   557      1
   556   558      1
   555   556      3
   556   615      2
   556   557      2
   556   617      3
   557   559      1
   558   560      1
   557   558      3
   558   617      2
   558   559      2
   558   619      3
   559   561      1
   560   562      1
   559   560      3
   560   619      2
   560   561      2
   560   621      3
   561   563      1
   562   564      1
   561   562      3
   562   621      2
   562   563      2
   562   623      3
   563   565      1
   564   566      1
   563   564      3
   564   623      2
   564   565      2
   564   625      3
   565   567      1
   566   568      1
   565   566      3
   566   625      2
   566   567      2
   566   627      3
   567   569      1
   568   570      1
   567   568      3
   568   627      2
   568   569      2
   568   629      3
   569   571      1
   570   572      1
   569   570      3
   570   629      2
   570   571      2
   570   631      3
   571   573      1
   572   574      1
   571   572      3
   572   631      2
   572   573      2
   572   633      3
   573   575      1
   574   576      1
   573   574      3
   574   633      2
   574   575      2
   574   635      3
   575   577      1
   576   578      1
   575   576      3
   576   635      2
   576   577      2
   576   637      3
   577   579      1
   578   580      1
   577   578      3
   578   637      2
   578   579      2
   578   639      3
   579   581      1
   580   582      1
   579   580      3
   580   639      2
   580   581      2
   580   641      3
   581   583      1
   582   584      1
   581   582      3
   582   641      2
   582   583      2
   582   643      3
   583   585      1
   584   586      1
   583   584      3
   584   643      2
   584   585      2
   584   645      3
   585   587      1
   586   588      1
   585   586      3
   586   645      2
   586   587      2
   586   647      3
   587   589      1
   588   590      1
   587   588      3
   588   647      2
   588   589      2
   588   649      3
   589   591      1
   590   592      1
   589   590      3
   590   649      2
   590   591      2
   590   651      3
   591   593      1
   592   594      1
   591   592      3
   592   651      2
   592   593      2
   592   653      3
   593   595      1
   594   596      1
   593   594      3
   594   653      2
   594   595      2
   594   655      3
   595   597      1
   596   598      1
   595   596      3
   596   655      2
   596   597      2
   596   657      3
   597   599      1
   598   600      1
   597   598      3
   598   657      2
   598   599      2
   598   659      3
   599   541      1
   600   542      1
   599   600      3
   600   659      2
   600   541      2
   600   601      3
   601   603      1
   602   604      1
   601   602      3
   602   661      2
   602   603      2
   602   663      3
   603   605      1
   604   606      1
   603   604      3
   604   663      2
   604   605      2
   604   665      3
   605   607      1
   606   608      1
   605   606      3
   606   665      2
   606   607      2
   606   667      3
   607   609      1
   608   610      1
   607   608      3
   608   667      2
   608   609      2
   608   669      3
   609   611      1
   610   612      1
   609   610      3
   610   669      2
   610   611      2
   610   671      3
   611   613      1
   612   614      1
   611   612      3
   612   671      2
   612   613      2
   612   673      3
   613   615      1
   614   616      1
   613   614      3
   614   673      2
   614   615      2
   614   675      3
   615   617      1
   616   618      1
   615   616      3
   616   675      2
   616   617      2
   616   677      3
   617   619      1
   618   620      1
   617   618      3
   618   677      2
   618   619      2
   618   679      3
   619   621      1
   620   622      1
   619   620      3
   620   679      2
   620   621      2
   620   681      3
   621   623      1
   622   624      1
   621   622      3
   622   681      2
   622   623      2
   622   683      3
   623   625      1
   624   626      1
   623   624      3
   624   683      2
   624   625      2
   624   685      3
   625   627      1
   626   628      1
   625   626      3
   626   685      2
   626   627      2
   626   687      3
   627   629      1
   628   630      1
   627   628      3
   628   687      2
   628   629      2
   628   689      3
   629   631      1
   630   632      1
   629   630      3
   630   689      2
   630   631      2
   630   691      3
   631   633      1
   632   634      1
   631   632      3
   632   691      2
   632   633      2
   632   693      3
   633   635      1
   634   636      1
   633   634      3
   634   693      2
   634   635      2
   634   695      3
   635   637      1
   636   638      1
   635   636      3
   636   695      2
   636   637      2
   636   697      3
   637   639      1
   638   640      1
   637   638      3
   638   697      2
   638   639      2
   638   699      3
   639   641      1
   640   642      1
   639   640      3
   640   699      2
   640   641      2
   640   701      3
   641   643      1
   642   644      1
   641   642      3
   642   701      2
   642   643      2
   642   703      3
   643   645      1
   644   646      1
   643   644      3
   644   703      2
   644   645      2
   644   705      3
   645   647      1
   646   648      1
   645   646      3
   646   705      2
   646   647      2
   646   707      3
   647   649      1
   648   650      1
   647   648      3
   648   707      2
   648   649      2
   648   709      3
   649   651      1
   650   652      1
   649   650      3
   650   709      2
   650   651      2
   650   711      3
   651   653      1
   652   654      1
   651   652      3
   652   711      2
   652   653      2
   652   713      3
   653   655      1
   654   656      1
   653   654      3
   654   713      2
   654   655      2
   654   715      3
   655   657      1
   656   658      1
   655   656      3
   656   715      2
   656   657      2
   656   717      3
   657   659      1
   658   660      1
   657   658      3
   658   717      2
   658   659      2
   658   719      3
   659   601      1
   660   602      1
   659   660      3
   660   719      2
   660   601      2
   660   661      3
   661   663      1
   662   664      1
   661   662      3
   662   721      2
   662   663      2
   662   723      3
   663   665      1
   664   666      1
   663   664      3
   664   723      2
   664   665      2
   664   725      3
   665   667      1
   666   668      1
   665   666      3
   666   725      2
   666   667      2
   666   727      3
   667   669      1
   668   670      1
   667   668      3
   668   727      2
   668   669      2
   668   729      3
   669   671      1
   670   672      1
   669   670      3
   670   729      2
   670   671      2
   670   731      3
   671   673      1
   672   674      1
   671   672      3
   672   731      2
   672   673      2
   672   733      3
   673   675      1
   674   676      1
   673   674      3
   674   733      2
   674   675      2
   674   735      3
   675   677      1
   676   678      1
   675   676      3
   676   735      2
   676   677      2
   676   737      3
   677   679      1
   678   680      1
   677   678      3
   678   737      2
   678   679      2
   678   739      3
   679   681      1
   680   682      1
   679   680      3
   680   739      2
   680   681      2
   680   741      3
   681   683      1
   682   684      1
   681   682      3
   682   741      2
   682   683      2
   682   743      3
   683   685      1
   684   686      1
   683   684      3
   684   743      2
   684   685      2
   684   745      3
   685   687      1
   686   688      1
   685   686      3
   686   745      2
   686   687      2
   686   747      3
   687   689      1
   688   690      1
   687   688      3
   688   747      2
   688   689      2
   688   749      3
   689   691      1
   690   692      1
   689   690      3
   690   749      2
   690   691      2
   690   751      3
   691   693      1
   692   694      1
   691   692      3
   692   751      2
   692   693      2
   692   753      3
   693   695      1
   694   696      1
   693   694      3
   694   753      2
   694   695      2
   694   755      3
   695   697      1
   696   698      1
   695   696      3
   696   755      2
   696   697      2
   696   757      3
   697   699      1
   698   700      1
   697   698      3
   698   757      2
   698   699      2
   698   759      3
   699   701      1
   700   702      1
   699   700      3
   700   759      2
   700   701      2
   700   761      3
   701   703      1
   702   704      1
   701   702      3
   702   761      2
   702   703      2
   702   763      3
   703   705      1
   704   706      1
   703   704      3
   704   763      2
   704   705      2
   704   765      3
   705   707      1
   706   708      1
   705   706      3
   706   765      2
   706   707      2
   706   767      3
   707   709      1
   708   710      1
   707   708      3
   708   767      2
   708   709      2
   708   769      3
   709   711      1
   710   712      1
   709   710      3
   710   769      2
   710   711      2
   710   771      3
   711   713      1
   712   714      1
   711   712      3
   712   771      2
   712   713      2
   712   773      3
   713   715      1
   714   716      1
   713   714      3
   714   773      2
   714   715      2
   714   775      3
   715   717      1
   716   718      1
   715   716      3
   716   775      2
   716   717      2
   716   777      3
   717   719      1
   718   720      1
   717   718      3
   718   777      2
   718   719      2
   718   779      3
   719   661      1
   720   662      1
   719   720      3
   720   779      2
   720   661      2
   720   721      3
   721   723      1
   722   724      1
   721   722      3
   722   781      2
   722   723      2
   722   783      3
   723   725      1
   724   726      1
   723   724      3
   724   783      2
   724   725      2
   724   785      3
   725   727      1
   726   728      1
   725   726      3
   726   785      2
   726   727      2
   726   787      3
   727   729      1
   728   730      1
   727   728      3
   728   787      2
   728   729      2
   728   789      3
   729   731      1
   730   732      1
   729   730      3
   730   789      2
   730   731      2
   730   791      3
   731   733      1
   732   734      1
   731   732      3
   732   791      2
   732   733      2
   732   793      3
   733   735      1
   734   736      1
   733   734      3
   734   793      2
   734   735      2
   734   795      3
   735   737      1
   736   738      1
   735   736      3
   736   795      2
   736   737      2
   736   797      3
   737   739      1
   738   740      1
   737   738      3
   738   797      2
   738   739      2
   738   799      3
   739   741      1
   740   742      1
   739   740      3
   740   799      2
   740   741      2
   740   801      3
   741   743      1
   742   744      1
   741   742      3
   742   801      2
   742   743      2
   742   803      3
   743   745      1
   744   746      1
   743   744      3
   744   803      2
   744   745      2
   744   805      3
   745   747      1
   746   748      1
   745   746      3
   746   805      2
   746   747      2
   746   807      3
   747   749      1
   748   750      1
   747   748      3
   748   807      2
   748   749      2
   748   809      3
   749   751      1
   750   752      1
   749   750      3
   750   809      2
   750   751      2
   750   811      3
   751   753      1
   752   754      1
   751   752      3
   752   811      2
   752   753      2
   752   813      3
   753   755      1
   754   756      1
   753   754      3
   754   813      2
   754   755      2
   754   815      3
   755   757      1
   756   758      1
   755   756      3
   756   815      2
   756   757      2
   756   817      3
   757   759      1
   758   760      1
   757   758      3
   758   817      2
   758   759      2
   758   819      3
   759   761      1
   760   762      1
   759   760      3
   760   819      2
   760   761      2
   760   821      3
   761   763      1
   762   764      1
   761   762      3
   762   821      2
   762   763      2
   762   823      3
   763   765      1
   764   766      1
   763   764      3
   764   823      2
   764   765      2
   764   825      3
   765   767      1
   766   768      1
   765   766      3
   766   825      2
   766   767      2
   766   827      3
   767   769      1
   768   770      1
   767   768      3
   768   827      2
   768   769      2
   768   829      3
   769   771      1
   770   772      1
   769   770      3
   770   829      2
   770   771      2
   770   831      3
   771   773      1
   772   774      1
   771   772      3
   772   831      2
   772   773      2
   772   833      3
   773   775      1
   774   776      1
   773   774      3
   774   833      2
   774   775      2
   774   835      3
   775   777      1
   776   778      1
   775   776      3
   776   835      2
   776   777      2
   776   837      3
   777   779      1
   778   780      1
   777   778      3
   778   837      2
   778   779      2
   778   839      3
   779   721      1
   780   722      1
   779   780      3
   780   839      2
   780   721      2
   780   781      3
   781   783      1
   782   784      1
   781   782      3
   782   841      2
   782   783      2
   782   843      3
   783   785      1
   784   786      1
   783   784      3
   784   843      2
   784   785      2
   784   845      3
   785   787      1
   786   788      1
   785   786      3
   786   845      2
   786   787      2
   786   847      3
   787   789      1
   788   790      1
   787   788      3
   788   847      2
   788   789      2
   788   849      3
   789   791      1
   790   792      1
   789   790      3
   790   849      2
   790   791      2
   790   851      3
   791   793      1
   792   794      1
   791   792      3
   792   851      2
   792   793      2
   792   853      3
   793   795      1
   794   796      1
   793   794      3
   794   853      2
   794   795      2
   794   855      3
   795   797      1
   796   798      1
   795   796      3
   796   855      2
   796   797      2
   796   857      3
   797   799      1
   798   800      1
   797   798      3
   798   857      2
   798   799      2
   798   859      3
   799   801      1
   800   802      1
   799   800      3
   800   859      2
   800   801      2
   800   861      3
   801   803      1
   802   804      1
   801   802      3
   802   861      2
   802   803      2
   802   863      3
   803   805      1
   804   806      1
   803   804      3
   804   863      2
   804   805      2
   804   865      3
   805   807      1
   806   808      1
   805   806      3
   806   865      2
   806   807      2
   806   867      3
   807   809      1
   808   810      1
   807   808      3
   808   867      2
   808   809      2
   808   869      3
   809   811      1
   810   812      1
   809   810      3
   810   869      2
   810   811      2
   810   871      3
   811   813      1
   812   814      1
   811   812      3
   812   871      2
   812   813      2
   812   873      3
   813   815      1
   814   816      1
   813   814      3
   814   873      2
   814   815      2
   814   875      3
   815   817      1
   816   818      1
   815   816      3
   816   875      2
   816   817      2
   816   877      3
   817   819      1
   818   820      1
   817   818      3
   818   877      2
   818   819      2
   818   879      3
   819   821      1
   820   822      1
   819   820      3
   820   879      2
   820   821      2
   820   881      3
   821   823      1
   822   824      1
   821   822      3
   822   881      2
   822   823      2
   822   883      3
   823   825      1
   824   826      1
   823   824      3
   824   883      2
   824   825      2
   824   885      3
   825   827      1
   826   828      1
   825   826      3
   826   885      2
   826   827      2
   826   887      3
   827   829      1
   828   830      1
   827   828      3
   828   887      2
   828   829      2
   828   889      3
   829   831      1
   830   832      1
   829   830      3
   830   889      2
   830   831      2
   830   891      3
   831   833      1
   832   834      1
   831   832      3
   832   891      2
   832   833      2
   832   893      3
   833   835      1
   834   836      1
   833   834      3
   834   893      2
   834   835      2
   834   895      3
   835   837      1
   836   838      1
   835   836      3
   836   895      2
   836   837      2
   836   897      3
   837   839      1
   838   840      1
   837   838      3
   838   897      2
   838   839      2
   838   899      3
   839   781      1
   840   782      1
   839   840      3
   840   899      2
   840   781      2
   840   841      3
   841   843      1
   842   844      1
   841   842      3
   842   901      2
   842   843      2
   842   903      3
   843   845      1
   844   846      1
   843   844      3
   844   903      2
   844   845      2
   844   905      3
   845   847      1
   846   848      1
   845   846      3
   846   905      2
   846   847      2
   846   907      3
   847   849      1
   848   850      1
   847   848      3
   848   907      2
   848   849      2
   848   909      3
   849   851      1
   850   852      1
   849   850      3
   850   909      2
   850   851      2
   850   911      3
   851   853      1
   852   854      1
   851   852      3
   852   911      2
   852   853      2
   852   913      3
   853   855      1
   854   856      1
   853   854      3
   854   913      2
   854   855      2
   854   915      3
   855   857      1
   856   858      1
   855   856      3
   856   915      2
   856   857      2
   856   917      3
   857   859      1
   858   860      1
   857   858      3
   858   917      2
   858   859      2
   858   919      3
   859   861      1
   860   862      1
   859   860      3
   860   919      2
   860   861      2
   860   921      3
   861   863      1
   862   864      1
   861   862      3
   862   921      2
   862   863      2
   862   923      3
   863   865      1
   864   866      1
   863   864      3
   864   923      2
   864   865      2
   864   925      3
   865   867      1
   866   868      1
   865   866      3
   866   925      2
   866   867      2
   866   927      3
   867   869      1
   868   870      1
   867   868      3
   868   927      2
   868   869      2
   868   929      3
   869   871      1
   870   872      1
   869   870      3
   870   929      2
   870   871      2
   870   931      3
   871   873      1
   872   874      1
   871   872      3
   872   931      2
   872   873      2
   872   933      3
   873   875      1
   874   876      1
   873   874      3
   874   933      2
   874   875      2
   874   935      3
   875   877      1
   876   878      1
   875   876      3
   876   935      2
   876   877      2
   876   937      3
   877   879      1
   878   880      1
   877   878      3
   878   937      2
   878   879      2
   878   939      3
   879   881      1
   880   882      1
   879   880      3
   880   939      2
   880   881      2
   880   941      3
   881   883      1
   882   884      1
   881   882      3
   882   941      2
   882   883      2
   882   943      3
   883   885      1
   884   886      1
   883   884      3
   884   943      2
   884   885      2
   884   945      3
   885   887      1
   886   888      1
   885   886      3
   886   945      2
   886   887      2
   886   947      3
   887   889      1
   888   890      1
   887   888      3
   888   947      2
   888   889      2
   888   949      3
   889   891      1
   890   892      1
   889   890      3
   890   949      2
   890   891      2
   890   951      3
   891   893      1
   892   894      1
   891   892      3
   892   951      2
   892   893      2
   892   953      3
   893   895      1
   894   896      1
   893   894      3
   894   953      2
   894   895      2
   894   955      3
   895   897      1
   896   898      1
   895   896      3
   896   955      2
   896   897      2
   896   957      3
   897   899      1
   898   900      1
   897   898      3
   898   957      2
   898   899      2
   898   959      3
   899   841      1
   900   842      1
   899   900      3
   900   959      2
   900   841      2
   900   901      3
   901   903      1
   902   904      1
   901   902      3
   902   961      2
   902   903      2
   902   963      3
   903   905      1
   904   906      1
   903   904      3
   904   963      2
   904   905      2
   904   965      3
   905   907      1
   906   908      1
   905   906      3
   906   965      2
   906   907      2
   906   967      3
   907   909      1
   908   910      1
   907   908      3
   908   967      2
   908   909      2
   908   969      3
   909   911      1
   910   912      1
   909   910      3
   910   969      2
   910   911      2
   910   971      3
   911   913      1
   912   914      1
   911   912      3
   912   971      2
   912   913      2
   912   973      3
   913   915      1
   914   916      1
   913   914      3
   914   973      2
   914   915      2
   914   975      3
   915   917      1
   916   918      1
   915   916      3
   916   975      2
   916   917      2
   916   977      3
   917   919      1
   918   920      1
   917   918      3
   918   977      2
   918   919      2
   918   979      3
   919   921      1
   920   922      1
   919   920      3
   920   979      2
   920   921      2
   920   981      3
   921   923      1
   922   924      1
   921   922      3
   922   981      2
   922   923      2
   922   983      3
   923   925      1
   924   926      1
   923   924      3
   924   983      2
   924   925      2
   924   985      3
   925   927      1
   926   928      1
   925   926      3
   926   985      2
   926   927      2
   926   987      3
   927   929      1
   928   930      1
   927   928      3
   928   987      2
   928   929      2
   928   989      3
   929   931      1
   930   932      1
   929   930      3
   930   989      2
   930   931      2
   930   991      3
   931   933      1
   932   934      1
   931   932      3
   932   991      2
   932   933      2
   932   993      3
   933   935      1
   934   936      1
   933   934      3
   934   993      2
   934   935      2
   934   995      3
   935   937      1
   936   938      1
   935   936      3
   936   995      2
   936   937      2
   936   997      3
   937   939      1
   938   940      1
   937   938      3
   938   997      2
   938   939      2
   938   999      3
   939   941      1
   940   942      1
   939   940      3
   940   999      2
   940   941      2
   940  1001      3
   941   943      1
   942   944      1
   941   942      3
   942  1001      2
   942   943      2
   942  1003      3
   943   945      1
   944   946      1
   943   944      3
   944  1003      2
   944   945      2
   944  1005      3
   945   947      1
   946   948      1
   945   946      3
   946  1005      2
   946   947      2
   946  1007      3
   947   949      1
   948   950      1
   947   948      3
   948  1007      2
   948   949      2
   948  1009      3
   949   951      1
   950   952      1
   949   950      3
   950  1009      2
   950   951      2
   950  1011      3
   951   953      1
   952   954      1
   951   952      3
   952  1011      2
   952   953      2
   952  1013      3
   953   955      1
   954   956      1
   953   954      3
   954  1013      2
   954   955      2
   954  1015      3
   955   957      1
   956   958      1
   955   956      3
   956  1015      2
   956   957      2
   956  1017      3
   957   959      1
   958   960      1
   957   958      3
   958  1017      2
   958   959      2
   958  1019      3
   959   901      1
   960   902      1
   959   960      3
   960  1019      2
   960   901      2
   960   961      3
   961   963      1
   962   964      1
   961   962      3
   962  1021      2
   962   963      2
   962  1023      3
   963   965      1
   964   966      1
   963   964      3
   964  1023      2
   964   965      2
   964  1025      3
   965   967      1
   966   968      1
   965   966      3
   966  1025      2
   966   967      2
   966  1027      3
   967   969      1
   968   970      1
   967   968      3
   968  1027      2
   968   969      2
   968  1029      3
   969   971      1
   970   972      1
   969   970      3
   970  1029      2
   970   971      2
   970  1031      3
   971   973      1
   972   974      1
   971   972      3
   972  1031      2
   972   973      2
   972  1033      3
   973   975      1
   974   976      1
   973   974      3
   974  1033      2
   974   975      2
   974  1035      3
   975   977      1
   976   978      1
   975   976      3
   976  1035      2
   976   977      2
   976  1037      3
   977   979      1
   978   980      1
   977   978      3
   978  1037      2
   978   979      2
   978  1039      3
   979   981      1
   980   982      1
   979   980      3
   980  1039      2
   980   981      2
   980  1041      3
   981   983      1
   982   984      1
   981   982      3
   982  1041      2
   982   983      2
   982  1043      3
   983   985      1
   984   986      1
   983   984      3
   984  1043      2
   984   985      2
   984  1045      3
   985   987      1
   986   988      1
   985   986      3
   986  1045      2
   986   987      2
   986  1047      3
   987   989      1
   988   990      1
   987   988      3
   988  1047      2
   988   989      2
   988  1049      3
   989   991      1
   990   992      1
   989   990      3
   990  1049      2
   990   991      2
   990  1051      3
   991   993      1
   992   994      1
   991   992      3
   992  1051      2
   992   993      2
   992  1053      3
   993   995      1
   994   996      1
   993   994      3
   994  1053      2
   994   995      2
   994  1055      3
   995   997      1
   996   998      1
   995   996      3
   996  1055      2
   996   997      2
   996  1057      3
   997   999      1
   998  1000      1
   997   998      3
   998  1057      2
   998   999      2
   998  1059      3
   999  1001      1
  1000  1002      1
   999  1000      3
  1000  1059      2
  1000  1001      2
  1000  1061      3
  1001  1003      1
  1002  1004      1
  1001  1002      3
  1002  1061      2
  1002  1003      2
  1002  1063      3
  1003  1005      1
  1004  1006      1
  1003  1004      3
  1004  1063      2
  1004  1005      2
  1004  1065      3
  1005  1007      1
  1006  1008      1
  1005  1006      3
  1006  1065      2
  1006  1007      2
  1006  1067      3
  1007  1009      1
  1008  1010      1
  1007  1008      3
  1008  1067      2
  1008  1009      2
  1008  1069      3
  1009  1011      1
  1010  1012      1
  1009  1010      3
  1010  1069      2
  1010  1011      2
  1010  1071      3
  1011  1013      1
  1012  1014      1
  1011  1012      3
  1012  1071      2
  1012  1013      2
  1012  1073      3
  1013  1015      1
  1014  1016      1
  1013  1014      3
  1014  1073      2
  1014  1015      2
  1014  1075      3
  1015  1017      1
  1016  1018      1
  1015  1016      3
  1016  1075      2
  1016  1017      2
  1016  1077      3
  1017  1019      1
  1018  1020      1
  1017  1018      3
  1018  1077      2
  1018  1019      2
  1018  1079      3
  1019   961      1
  1020   962      1
  1019  1020      3
  1020  1079      2
  1020   961      2
  1020  1021      3
  1021  1023      1
  1022  1024      1
  1021  1022      3
  1022  1081      2
  1022  1023      2
  1022  1083      3
  1023  1025      1
  1024  1026      1
  1023  1024      3
  1024  1083      2
  1024  1025      2
  1024  1085      3
  1025  1027      1
  1026  1028      1
  1025  1026      3
  1026  1085      2
  1026  1027      2
  1026  1087      3
  1027  1029      1
  1028  1030      1
  1027  1028      3
  1028  1087      2
  1028  1029      2
  1028  1089      3
  1029  1031      1
  1030  1032      1
  1029  1030      3
  1030  1089      2
  1030  1031      2
  1030  1091      3
  1031  1033      1
  1032  1034      1
  1031  1032      3
  1032  1091      2
  1032  1033      2
  1032  1093      3
  1033  1035      1
  1034  1036      1
  1033  1034      3
  1034  1093      2
  1034  1035      2
  1034  1095      3
  1035  1037      1
  1036  1038      1
  1035  1036      3
  1036  1095      2
  1036  1037      2
  1036  1097      3
  1037  1039      1
  1038  1040      1
  1037  1038      3
  1038  1097      2
  1038  1039      2
  1038  1099      3
  1039  1041      1
  1040  1042      1
  1039  1040      3
  1040  1099      2
  1040  1041      2
  1040  1101      3
  1041  1043      1
  1042  1044      1
  1041  1042      3
  1042  1101      2
  1042  1043      2
  1042  1103      3
  1043  1045      1
  1044  1046      1
  1043  1044      3
  1044  1103      2
  1044  1045      2
  1044  1105      3
  1045  1047      1
  1046  1048      1
  1045  1046      3
  1046  1105      2
  1046  1047      2
  1046  1107      3
  1047  1049      1
  1048  1050      1
  1047  1048      3
  1048  1107      2
  1048  1049      2
  1048  1109      3
  1049  1051      1
  1050  1052      1
  1049  1050      3
  1050  1109      2
  1050  1051      2
  1050  1111      3
  1051  1053      1
  1052  1054      1
  1051  1052      3
  1052  1111      2
  1052  1053      2
  1052  1113      3
  1053  1055      1
  1054  1056      1
  1053  1054      3
  1054  1113      2
  1054  1055      2
  1054  1115      3
  1055  1057      1
  1056  1058      1
  1055  1056      3
  1056  1115      2
  1056  1057      2
  1056  1117      3
  1057  1059      1
  1058  1060      1
  1057  1058      3
  1058  1117      2
  1058  1059      2
  1058  1119      3
  1059  1061      1
  1060  1062      1
  1059  1060      3
  1060  1119      2
  1060  1061      2
  1060  1121      3
  1061  1063      1
  1062  1064      1
  1061  1062      3
  1062  1121      2
  1062  1063      2
  1062  1123      3
  1063  1065      1
  1064  1066      1
  1063  1064      3
  1064  1123      2
  1064  1065      2
  1064  1125      3
  1065  1067      1
  1066  1068      1
  1065  1066      3
  1066  1125      2
  1066  1067      2
  1066  1127      3
  1067  1069      1
  1068  1070      1
  1067  1068      3
  1068  1127      2
  1068  1069      2
  1068  1129      3
  1069  1071      1
  1070  1072      1
  1069  1070      3
  1070  1129      2
  1070  1071      2
  1070  1131      3
  1071  1073      1
  1072  1074      1
  1071  1072      3
  1072  1131      2
  1072  1073      2
  1072  1133      3
  1073  1075      1
  1074  1076      1
  1073  1074      3
  1074  1133      2
  1074  1075      2
  1074  1135      3
  1075  1077      1
  1076  1078      1
  1075  1076      3
  1076  1135      2
  1076  1077      2
  1076  1137      3
  1077  1079      1
  1078  1080      1
  1077  1078      3
  1078  1137      2
  1078  1079      2
  1078  1139      3
  1079  1021      1
  1080  1022      1
  1079  1080      3
  1080  1139      2
  1080  1021      2
  1080  1081      3
  1081  1083      1
  1082  1084      1
  1081  1082      3
  1082  1141      2
  1082  1083      2
  1082  1143      3
  1083  1085      1
  1084  1086      1
  1083  1084      3
  1084  1143      2
  1084  1085      2
  1084  1145      3
  1085  1087      1
  1086  1088      1
  1085  1086      3
  1086  1145      2
  1086  1087      2
  1086  1147      3
  1087  1089      1
  1088  1090      1
  1087  1088      3
  1088  1147      2
  1088  1089      2
  1088  1149      3
  1089  1091      1
  1090  1092      1
  1089  1090      3
  1090  1149      2
  1090  1091      2
  1090  1151      3
  1091  1093      1
  1092  1094      1
  1091  1092      3
  1092  1151      2
  1092  1093      2
  1092  1153      3
  1093  1095      1
  1094  1096      1
  1093  1094      3
  1094  1153      2
  1094  1095      2
  1094  1155      3
  1095  1097      1
  1096  1098      1
  1095  1096      3
  1096  1155      2
  1096  1097      2
  1096  1157      3
  1097  1099      1
  1098  1100      1
  1097  1098      3
  1098  1157      2
  1098  1099      2
  1098  1159      3
  1099  1101      1
  1100  1102      1
  1099  1100      3
  1100  1159      2
  1100  1101      2
  1100  1161      3
  1101  1103      1
  1102  1104      1
  1101  1102      3
  1102  1161      2
  1102  1103      2
  1102  1163      3
  1103  1105      1
  1104  1106      1
  1103  1104      3
  1104  1163      2
  1104  1105      2
  1104  1165      3
  1105  1107      1
  1106  1108      1
  1105  1106      3
  1106  1165      2
  1106  1107      2
  1106  1167      3
  1107  1109      1
  1108  1110      1
  1107  1108      3
  1108  1167      2
  1108  1109      2
  1108  1169      3
  1109  1111      1
  1110  1112      1
  1109  1110      3
  1110  1169      2
  1110  1111      2
  1110  1171      3
  1111  1113      1
  1112  1114      1
  1111  1112      3
  1112  1171      2
  1112  1113      2
  1112  1173      3
  1113  1115      1
  1114  1116      1
  1113  1114      3
  1114  1173      2
  1114  1115      2
  1114  1175      3
  1115  1117      1
  1116  1118      1
  1115  1116      3
  1116  1175      2
  1116  1117      2
  1116  1177      3
  1117  1119      1
  1118  1120      1
  1117  1118      3
  1118  1177      2
  1118  1119      2
  1118  1179      3
  1119  1121      1
  1120  1122      1
  1119  1120      3
  1120  1179      2
  1120  1121      2
  1120  1181      3
  1121  1123      1
  1122  1124      1
  1121  1122      3
  1122  1181      2
  1122  1123      2
  1122  1183      3
  1123  1125      1
  1124  1126      1
  1123  1124      3
  1124  1183      2
  1124  1125      2
  1124  1185      3
  1125  1127      1
  1126  1128      1
  1125  1126      3
  1126  1185      2
  1126  1127      2
  1126  1187      3
  1127  1129      1
  1128  1130      1
  1127  1128      3
  1128  1187      2
  1128  1129      2
  1128  1189      3
  1129  1131      1
  1130  1132      1
  1129  1130      3
  1130  1189      2
  1130  1131      2
  1130  1191      3
  1131  1133      1
  1132  1134      1
  1131  1132      3
  1132  1191      2
  1132  1133      2
  1132  1193      3
  1133  1135      1
  1134  1136      1
  1133  1134      3
  1134  1193      2
  1134  1135      2
  1134  1195      3
  1135  1137      1
  1136  1138      1
  1135  1136      3
  1136  1195      2
  1136  1137      2
  1136  1197      3
  1137  1139      1
  1138  1140      1
  1137  1138      3
  1138  1197      2
  1138  1139      2
  1138  1199      3
  1139  1081      1
  1140  1082      1
  1139  1140      3
  1140  1199      2
  1140  1081      2
  1140  1141      3
  1141  1143      1
  1142  1144      1
  1141  1142      3
  1142  1201      2
  1142  1143      2
  1142  1203      3
  1143  1145      1
  1144  1146      1
  1143  1144      3
  1144  1203      2
  1144  1145      2
  1144  1205      3
  1145  1147      1
  1146  1148      1
  1145  1146      3
  1146  1205      2
  1146  1147      2
  1146  1207      3
  1147  1149      1
  1148  1150      1
  1147  1148      3
  1148  1207      2
  1148  1149      2
  1148  1209      3
  1149  1151      1
  1150  1152      1
  1149  1150      3
  1150  1209      2
  1150  1151      2
  1150  1211      3
  1151  1153      1
  1152  1154      1
  1151  1152      3
  1152  1211      2
  1152  1153      2
  1152  1213      3
  1153  1155      1
  1154  1156      1
  1153  1154      3
  1154  1213      2
  1154  1155      2
  1154  1215      3
  1155  1157      1
  1156  1158      1
  1155  1156      3
  1156  1215      2
  1156  1157      2
  1156  1217      3
  1157  1159      1
  1158  1160      1
  1157  1158      3
  1158  1217      2
  1158  1159      2
  1158  1219      3
  1159  1161      1
  1160  1162      1
  1159  1160      3
  1160  1219      2
  1160  1161      2
  1160  1221      3
  1161  1163      1
  1162  1164      1
  1161  1162      3
  1162  1221      2
  1162  1163      2
  1162  1223      3
  1163  1165      1
  1164  1166      1
  1163  1164      3
  1164  1223      2
  1164  1165      2
  1164  1225      3
  1165  1167      1
  1166  1168      1
  1165  1166      3
  1166  1225      2
  1166  1167      2
  1166  1227      3
  1167  1169      1
  1168  1170      1
  1167  1168      3
  1168  1227      2
  1168  1169      2
  1168  1229      3
  1169  1171      1
  1170  1172      1
  1169  1170      3
  1170  1229      2
  1170  1171      2
  1170  1231      3
  1171  1173      1
  1172  1174      1
  1171  1172      3
  1172  1231      2
  1172  1173      2
  1172  1233      3
  1173  1175      1
  1174  1176      1
  1173  1174      3
  1174  1233      2
  1174  1175      2
  1174  1235      3
  1175  1177      1
  1176  1178      1
  1175  1176      3
  1176  1235      2
  1176  1177      2
  1176  1237      3
  1177  1179      1
  1178  1180      1
  1177  1178      3
  1178  1237      2
  1178  1179      2
  1178  1239      3
  1179  1181      1
  1180  1182      1
  1179  1180      3
  1180  1239      2
  1180  1181      2
  1180  1241      3
  1181  1183      1
  1182  1184      1
  1181  1182      3
  1182  1241      2
  1182  1183      2
  1182  1243      3
  1183  1185      1
  1184  1186      1
  1183  1184      3
  1184  1243      2
  1184  1185      2
  1184  1245      3
  1185  1187      1
  1186  1188      1
  1185  1186      3
  1186  1245      2
  1186  1187      2
  1186  1247      3
  1187  1189      1
  1188  1190      1
  1187  1188      3
  1188  1247      2
  1188  1189      2
  1188  1249      3
  1189  1191      1
  1190  1192      1
  1189  1190      3
  1190  1249      2
  1190  1191      2
  1190  1251      3
  1191  1193      1
  1192  1194      1
  1191  1192      3
  1192  1251      2
  1192  1193      2
  1192  1253      3
  1193  1195      1
  1194  1196      1
  1193  1194      3
  1194  1253      2
  1194  1195      2
  1194  1255      3
  1195  1197      1
  1196  1198      1
  1195  1196      3
  1196  1255      2
  1196  1197      2
  1196  1257      3
  1197  1199      1
  1198  1200      1
  1197  1198      3
  1198  1257      2
  1198  1199      2
  1198  1259      3
  1199  1141      1
  1200  1142      1
  1199  1200      3
  1200  1259      2
  1200  1141      2
  1200  1201      3
  1201  1203      1
  1202  1204      1
  1201  1202      3
  1202  1261      2
  1202  1203      2
  1202  1263      3
  1203  1205      1
  1204  1206      1
  1203  1204      3
  1204  1263      2
  1204  1205      2
  1204  1265      3
  1205  1207      1
  1206  1208      1
  1205  1206      3
  1206  1265      2
  1206  1207      2
  1206  1267      3
  1207  1209      1
  1208  1210      1
  1207  1208      3
  1208  1267      2
  1208  1209      2
  1208  1269      3
  1209  1211      1
  1210  1212      1
  1209  1210      3
  1210  1269      2
  1210  1211      2
  1210  1271      3
  1211  1213      1
  1212  1214      1
  1211  1212      3
  1212  1271      2
  1212  1213      2
  1212  1273      3
  1213  1215      1
  1214  1216      1
  1213  1214      3
  1214  1273      2
  1214  1215      2
  1214  1275      3
  1215  1217      1
  1216  1218      1
  1215  1216      3
  1216  1275      2
  1216  1217      2
  1216  1277      3
  1217  1219      1
  1218  1220      1
  1217  1218      3
  1218  1277      2
  1218  1219      2
  1218  1279      3
  1219  1221      1
  1220  1222      1
  1219  1220      3
  1220  1279      2
  1220  1221      2
  1220  1281      3
  1221  1223      1
  1222  1224      1
  1221  1222      3
  1222  1281      2
  1222  1223      2
  1222  1283      3
  1223  1225      1
  1224  1226      1
  1223  1224      3
  1224  1283      2
  1224  1225      2
  1224  1285      3
  1225  1227      1
  1226  1228      1
  1225  1226      3
  1226  1285      2
  1226  1227      2
  1226  1287      3
  1227  1229      1
  1228  1230      1
  1227  1228      3
  1228  1287      2
  1228  1229      2
  1228  1289      3
  1229  1231      1
  1230  1232      1
  1229  1230      3
  1230  1289      2
  1230  1231      2
  1230  1291      3
  1231  1233      1
  1232  1234      1
  1231  1232      3
  1232  1291      2
  1232  1233      2
  1232  1293      3
  1233  1235      1
  1234  1236      1
  1233  1234      3
  1234  1293      2
  1234  1235      2
  1234  1295      3
  1235  1237      1
  1236  1238      1
  1235  1236      3
  1236  1295      2
  1236  1237      2
  1236  1297      3
  1237  1239      1
  1238  1240      1
  1237  1238      3
  1238  1297      2
  1238  1239      2
  1238  1299      3
  1239  1241      1
  1240  1242      1
  1239  1240      3
  1240  1299      2
  1240  1241      2
  1240  1301      3
  1241  1243      1
  1242  1244      1
  1241  1242      3
  1242  1301      2
  1242  1243      2
  1242  1303      3
  1243  1245      1
  1244  1246      1
  1243  1244      3
  1244  1303      2
  1244  1245      2
  1244  1305      3
  1245  1247      1
  1246  1248      1
  1245  1246      3
  1246  1305      2
  1246  1247      2
  1246  1307      3
  1247  1249      1
  1248  1250      1
  1247  1248      3
  1248  1307      2
  1248  1249      2
  1248  1309      3
  1249  1251      1
  1250  1252      1
  1249  1250      3
  1250  1309      2
  1250  1251      2
  1250  1311      3
  1251  1253      1
  1252  1254      1
  1251  1252      3
  1252  1311      2
  1252  1253      2
  1252  1313      3
  1253  1255      1
  1254  1256      1
  1253  1254      3
  1254  1313      2
  1254  1255      2
  1254  1315      3
  1255  1257      1
  1256  1258      1
  1255  1256      3
  1256  1315      2
  1256  1257      2
  1256  1317      3
  1257  1259      1
  1258  1260      1
  1257  1258      3
  1258  1317      2
  1258  1259      2
  1258  1319      3
  1259  1201      1
  1260  1202      1
  1259  1260      3
  1260  1319      2
  1260  1201      2
  1260  1261      3
  1261  1263      1
  1262  1264      1
  1261  1262      3
  1262  1321      2
  1262  1263      2
  1262  1323      3
  1263  1265      1
  1264  1266      1
  1263  1264      3
  1264  1323      2
  1264  1265      2
  1264  1325      3
  1265  1267      1
  1266  1268      1
  1265  1266      3
  1266  1325      2
  1266  1267      2
  1266  1327      3
  1267  1269      1
  1268  1270      1
  1267  1268      3
  1268  1327      2
  1268  1269      2
  1268  1329      3
  1269  1271      1
  1270  1272      1
  1269  1270      3
  1270  1329      2
  1270  1271      2
  1270  1331      3
  1271  1273      1
  1272  1274      1
  1271  1272      3
  1272  1331      2
  1272  1273      2
  1272  1333      3
  1273  1275      1
  1274  1276      1
  1273  1274      3
  1274  1333      2
  1274  1275      2
  1274  1335      3
  1275  1277      1
  1276  1278      1
  1275  1276      3
  1276  1335      2
  1276  1277      2
  1276  1337      3
  1277  1279      1
  1278  1280      1
  1277  1278      3
  1278  1337      2
  1278  1279      2
  1278  1339      3
  1279  1281      1
  1280  1282      1
  1279  1280      3
  1280  1339      2
  1280  1281      2
  1280  1341      3
  1281  1283      1
  1282  1284      1
  1281  1282      3
  1282  1341      2
  1282  1283      2
  1282  1343      3
  1283  1285      1
  1284  1286      1
  1283  1284      3
  1284  1343      2
  1284  1285      2
  1284  1345      3
  1285  1287      1
  1286  1288      1
  1285  1286      3
  1286  1345      2
  1286  1287      2
  1286  1347      3
  1287  1289      1
  1288  1290      1
  1287  1288      3
  1288  1347      2
  1288  1289      2
  1288  1349      3
  1289  1291      1
  1290  1292      1
  1289  1290      3
  1290  1349      2
  1290  1291      2
  1290  1351      3
  1291  1293      1
  1292  1294      1
  1291  1292      3
  1292  1351      2
  1292  1293      2
  1292  1353      3
  1293  1295      1
  1294  1296      1
  1293  1294      3
  1294  1353      2
  1294  1295      2
  1294  1355      3
  1295  1297      1
  1296  1298      1
  1295  1296      3
  1296  1355      2
  1296  1297      2
  1296  1357      3
  1297  1299      1
  1298  1300      1
  1297  1298      3
  1298  1357      2
  1298  1299      2
  1298  1359      3
  1299  1301      1
  1300  1302      1
  1299  1300      3
  1300  1359      2
  1300  1301      2
  1300  1361      3
  1301  1303      1
  1302  1304      1
  1301  1302      3
  1302  1361      2
  1302  1303      2
  1302  1363      3
  1303  1305      1
  1304  1306      1
  1303  1304      3
  1304  1363      2
  1304  1305      2
  1304  1365      3
  1305  1307      1
  1306  1308      1
  1305  1306      3
  1306  1365      2
  1306  1307      2
  1306  1367      3
  1307  1309      1
  1308  1310      1
  1307  1308      3
  1308  1367      2
  1308  1309      2
  1308  1369      3
  1309  1311      1
  1310  1312      1
  1309  1310      3
  1310  1369      2
  1310  1311      2
  1310  1371      3
  1311  1313      1
  1312  1314      1
  1311  1312      3
  1312  1371      2
  1312  1313      2
  1312  1373      3
  1313  1315      1
  1314  1316      1
  1313  1314      3
  1314  1373      2
  1314  1315      2
  1314  1375      3
  1315  1317      1
  1316  1318      1
  1315  1316      3
  1316  1375      2
  1316  1317      2
  1316  1377      3
  1317  1319      1
  1318  1320      1
  1317  1318      3
  1318  1377      2
  1318  1319      2
  1318  1379      3
  1319  1261      1
  1320  1262      1
  1319  1320      3
  1320  1379      2
  1320  1261      2
  1320  1321      3
  1321  1323      1
  1322  1324      1
  1321  1322      3
  1322  1381      2
  1322  1323      2
  1322  1383      3
  1323  1325      1
  1324  1326      1
  1323  1324      3
  1324  1383      2
  1324  1325      2
  1324  1385      3
  1325  1327      1
  1326  1328      1
  1325  1326      3
  1326  1385      2
  1326  1327      2
  1326  1387      3
  1327  1329      1
  1328  1330      1
  1327  1328      3
  1328  1387      2
  1328  1329      2
  1328  1389      3
  1329  1331      1
  1330  1332      1
  1329  1330      3
  1330  1389      2
  1330  1331      2
  1330  1391      3
  1331  1333      1
  1332  1334      1
  1331  1332      3
  1332  1391      2
  1332  1333      2
  1332  1393      3
  1333  1335      1
  1334  1336      1
  1333  1334      3
  1334  1393      2
  1334  1335      2
  1334  1395      3
  1335  1337      1
  1336  1338      1
  1335  1336      3
  1336  1395      2
  1336  1337      2
  1336  1397      3
  1337  1339      1
  1338  1340      1
  1337  1338      3
  1338  1397      2
  1338  1339      2
  1338  1399      3
  1339  1341      1
  1340  1342      1
  1339  1340      3
  1340  1399      2
  1340  1341      2
  1340  1401      3
  1341  1343      1
  1342  1344      1
  1341  1342      3
  1342  1401      2
  1342  1343      2
  1342  1403      3
  1343  1345      1
  1344  1346      1
  1343  1344      3
  1344  1403      2
  1344  1345      2
  1344  1405      3
  1345  1347      1
  1346  1348      1
  1345  1346      3
  1346  1405      2
  1346  1347      2
  1346  1407      3
  1347  1349      1
  1348  1350      1
  1347  1348      3
  1348  1407      2
  1348  1349      2
  1348  1409      3
  1349  1351      1
  1350  1352      1
  1349  1350      3
  1350  1409      2
  1350  1351      2
  1350  1411      3
  1351  1353      1
  1352  1354      1
  1351  1352      3
  1352  1411      2
  1352  1353      2
  1352  1413      3
  1353  1355      1
  1354  1356      1
  1353  1354      3
  1354  1413      2
  1354  1355      2
  1354  1415      3
  1355  1357      1
  1356  1358      1
  1355  1356      3
  1356  1415      2
  1356  1357      2
  1356  1417      3
  1357  1359      1
  1358  1360      1
  1357  1358      3
  1358  1417      2
  1358  1359      2
  1358  1419      3
  1359  1361      1
  1360  1362      1
  1359  1360      3
  1360  1419      2
  1360  1361      2
  1360  1421      3
  1361  1363      1
  1362  1364      1
  1361  1362      3
  1362  1421      2
  1362  1363      2
  1362  1423      3
  1363  1365      1
  1364  1366      1
  1363  1364      3
  1364  1423      2
  1364  1365      2
  1364  1425      3
  1365  1367      1
  1366  1368      1
  1365  1366      3
  1366  1425      2
  1366  1367      2
  1366  1427      3
  1367  1369      1
  1368  1370      1
  1367  1368      3
  1368  1427      2
  1368  1369      2
  1368  1429      3
  1369  1371      1
  1370  1372      1
  1369  1370      3
  1370  1429      2
  1370  1371      2
  1370  1431      3
  1371  1373      1
  1372  1374      1
  1371  1372      3
  1372  1431      2
  1372  1373      2
  1372  1433      3
  1373  1375      1
  1374  1376      1
  1373  1374      3
  1374  1433      2
  1374  1375      2
  1374  1435      3
  1375  1377      1
  1376  1378      1
  1375  1376      3
  1376  1435      2
  1376  1377      2
  1376  1437      3
  1377  1379      1
  1378  1380      1
  1377  1378      3
  1378  1437      2
  1378  1379      2
  1378  1439      3
  1379  1321      1
  1380  1322      1
  1379  1380      3
  1380  1439      2
  1380  1321      2
  1380  1381      3
  1381  1383      1
  1382  1384      1
  1381  1382      3
  1382  1441      2
  1382  1383      2
  1382  1443      3
  1383  1385      1
  1384  1386      1
  1383  1384      3
  1384  1443      2
  1384  1385      2
  1384  1445      3
  1385  1387      1
  1386  1388      1
  1385  1386      3
  1386  1445      2
  1386  1387      2
  1386  1447      3
  1387  1389      1
  1388  1390      1
  1387  1388      3
  1388  1447      2
  1388  1389      2
  1388  1449      3
  1389  1391      1
  1390  1392      1
  1389  1390      3
  1390  1449      2
  1390  1391      2
  1390  1451      3
  1391  1393      1
  1392  1394      1
  1391  1392      3
  1392  1451      2
  1392  1393      2
  1392  1453      3
  1393  1395      1
  1394  1396      1
  1393  1394      3
  1394  1453      2
  1394  1395      2
  1394  1455      3
  1395  1397      1
  1396  1398      1
  1395  1396      3
  1396  1455      2
  1396  1397      2
  1396  1457      3
  1397  1399      1
  1398  1400      1
  1397  1398      3
  1398  1457      2
  1398  1399      2
  1398  1459      3
  1399  1401      1
  1400  1402      1
  1399  1400      3
  1400  1459      2
  1400  1401      2
  1400  1461      3
  1401  1403      1
  1402  1404      1
  1401  1402      3
  1402  1461      2
  1402  1403      2
  1402  1463      3
  1403  1405      1
  1404  1406      1
  1403  1404      3
  1404  1463      2
  1404  1405      2
  1404  1465      3
  1405  1407      1
  1406  1408      1
  1405  1406      3
  1406  1465      2
  1406  1407      2
  1406  1467      3
  1407  1409      1
  1408  1410      1
  1407  1408      3
  1408  1467      2
  1408  1409      2
  1408  1469      3
  1409  1411      1
  1410  1412      1
  1409  1410      3
  1410  1469      2
  1410  1411      2
  1410  1471      3
  1411  1413      1
  1412  1414      1
  1411  1412      3
  1412  1471      2
  1412  1413      2
  1412  1473      3
  1413  1415      1
  1414  1416      1
  1413  1414      3
  1414  1473      2
  1414  1415      2
  1414  1475      3
  1415  1417      1
  1416  1418      1
  1415  1416      3
  1416  1475      2
  1416  1417      2
  1416  1477      3
  1417  1419      1
  1418  1420      1
  1417  1418      3
  1418  1477      2
  1418  1419      2
  1418  1479      3
  1419  1421      1
  1420  1422      1
  1419  1420      3
  1420  1479      2
  1420  1421      2
  1420  1481      3
  1421  1423      1
  1422  1424      1
  1421  1422      3
  1422  1481      2
  1422  1423      2
  1422  1483      3
  1423  1425      1
  1424  1426      1
  1423  1424      3
  1424  1483      2
  1424  1425      2
  1424  1485      3
  1425  1427      1
  1426  1428      1
  1425  1426      3
  1426  1485      2
  1426  1427      2
  1426  1487      3
  1427  1429      1
  1428  1430      1
  1427  1428      3
  1428  1487      2
  1428  1429      2
  1428  1489      3
  1429  1431      1
  1430  1432      1
  1429  1430      3
  1430  1489      2
  1430  1431      2
  1430  1491      3
  1431  1433      1
  1432  1434      1
  1431  1432      3
  1432  1491      2
  1432  1433      2
  1432  1493      3
  1433  1435      1
  1434  1436      1
  1433  1434      3
  1434  1493      2
  1434  1435      2
  1434  1495      3
  1435  1437      1
  1436  1438      1
  1435  1436      3
  1436  1495      2
  1436  1437      2
  1436  1497      3
  1437  1439      1
  1438  1440      1
  1437  1438      3
  1438  1497      2
  1438  1439      2
  1438  1499      3
  1439  1381      1
  1440  1382      1
  1439  1440      3
  1440  1499      2
  1440  1381      2
  1440  1441      3
  1441  1443      1
  1442  1444      1
  1441  1442      3
  1442     1      2
  1442  1443      2
  1442     3      3
  1443  1445      1
  1444  1446      1
  1443  1444      3
  1444     3      2
  1444  1445      2
  1444     5      3
  1445  1447      1
  1446  1448      1
  1445  1446      3
  1446     5      2
  1446  1447      2
  1446     7      3
  1447  1449      1
  1448  1450      1
  1447  1448      3
  1448     7      2
  1448  1449      2
  1448     9      3
  1449  1451      1
  1450  1452      1
  1449  1450      3
  1450     9      2
  1450  1451      2
  1450    11      3
  1451  1453      1
  1452  1454      1
  1451  1452      3
  1452    11      2
  1452  1453      2
  1452    13      3
  1453  1455      1
  1454  1456      1
  1453  1454      3
  1454    13      2
  1454  1455      2
  1454    15      3
  1455  1457      1
  1456  1458      1
  1455  1456      3
  1456    15      2
  1456  1457      2
  1456    17      3
  1457  1459      1
  1458  1460      1
  1457  1458      3
  1458    17      2
  1458  1459      2
  1458    19      3
  1459  1461      1
  1460  1462      1
  1459  1460      3
  1460    19      2
  1460  1461      2
  1460    21      3
  1461  1463      1
  1462  1464      1
  1461  1462      3
  1462    21      2
  1462  1463      2
  1462    23      3
  1463  1465      1
  1464  1466      1
  1463  1464      3
  1464    23      2
  1464  1465      2
  1464    25      3
  1465  1467      1
  1466  1468      1
  1465  1466      3
  1466    25      2
  1466  1467      2
  1466    27      3
  1467  1469      1
  1468  1470      1
  1467  1468      3
  1468    27      2
  1468  1469      2
  1468    29      3
  1469  1471      1
  1470  1472      1
  1469  1470      3
  1470    29      2
  1470  1471      2
  1470    31      3
  1471  1473      1
  1472  1474      1
  1471  1472      3
  1472    31      2
  1472  1473      2
  1472    33      3
  1473  1475      1
  1474  1476      1
  1473  1474      3
  1474    33      2
  1474  1475      2
  1474    35      3
  1475  1477      1
  1476  1478      1
  1475  1476      3
  1476    35      2
  1476  1477      2
  1476    37      3
  1477  1479      1
  1478  1480      1
  1477  1478      3
  1478    37      2
  1478  1479      2
  1478    39      3
  1479  1481      1
  1480  1482      1
  1479  1480      3
  1480    39      2
  1480  1481      2
  1480    41      3
  1481  1483      1
  1482  1484      1
  1481  1482      3
  1482    41      2
  1482  1483      2
  1482    43      3
  1483  1485      1
  1484  1486      1
  1483  1484      3
  1484    43      2
  1484  1485      2
  1484    45      3
  1485  1487      1
  1486  1488      1
  1485  1486      3
  1486    45      2
  1486  1487      2
  1486    47      3
  1487  1489      1
  1488  1490      1
  1487  1488      3
  1488    47      2
  1488  1489      2
  1488    49      3
  1489  1491      1
  1490  1492      1
  1489  1490      3
  1490    49      2
  1490  1491      2
  1490    51      3
  1491  1493      1
  1492  1494      1
  1491  1492      3
  1492    51      2
  1492  1493      2
  1492    53      3
  1493  1495      1
  1494  1496      1
  1493  1494      3
  1494    53      2
  1494  1495      2
  1494    55      3
  1495  1497      1
  1496  1498      1
  1495  1496      3
  1496    55      2
  1496  1497      2
  1496    57      3
  1497  1499      1
  1498  1500      1
  1497  1498      3
  1498    57      2
  1498  1499      2
  1498    59      3
  1499  1441      1
  1500  1442      1
  1499  1500      3
  1500    59      2
  1500  1441      2
  1500     1      3
