1500 
1  2  3
1  3  2
1  5  1
2  3  3
2  4  2
2  6  1
2  61  3
2  63  3
3  4  3
3  5  2
3  7  1
4  5  3
4  6  2
4  8  1
4  63  3
4  65  3
5  6  3
5  7  2
5  9  1
6  7  3
6  8  2
6  10  1
6  65  3
6  67  3
7  8  3
7  9  2
7  11  1
8  9  3
8  10  2
8  12  1
8  67  3
8  69  3
9  10  3
9  11  2
9  13  1
10  11  3
10  12  2
10  14  1
10  69  3
10  71  3
11  12  3
11  13  2
11  15  1
12  13  3
12  14  2
12  16  1
12  71  3
12  73  3
13  14  3
13  15  2
13  17  1
14  15  3
14  16  2
14  18  1
14  73  3
14  75  3
15  16  3
15  17  2
15  19  1
16  17  3
16  18  2
16  20  1
16  75  3
16  77  3
17  18  3
17  19  2
17  21  1
18  19  3
18  20  2
18  22  1
18  77  3
18  79  3
19  20  3
19  21  2
19  23  1
20  21  3
20  22  2
20  24  1
20  79  3
20  81  3
21  22  3
21  23  2
21  25  1
22  23  3
22  24  2
22  26  1
22  81  3
22  83  3
23  24  3
23  25  2
23  27  1
24  25  3
24  26  2
24  28  1
24  83  3
24  85  3
25  26  3
25  27  2
25  29  1
26  27  3
26  28  2
26  30  1
26  85  3
26  87  3
27  28  3
27  29  2
27  31  1
28  29  3
28  30  2
28  32  1
28  87  3
28  89  3
29  30  3
29  31  2
29  33  1
30  31  3
30  32  2
30  34  1
30  89  3
30  91  3
31  32  3
31  33  2
31  35  1
32  33  3
32  34  2
32  36  1
32  91  3
32  93  3
33  34  3
33  35  2
33  37  1
34  35  3
34  36  2
34  38  1
34  93  3
34  95  3
35  36  3
35  37  2
35  39  1
36  37  3
36  38  2
36  40  1
36  95  3
36  97  3
37  38  3
37  39  2
37  41  1
38  39  3
38  40  2
38  42  1
38  97  3
38  99  3
39  40  3
39  41  2
39  43  1
40  41  3
40  42  2
40  44  1
40  99  3
40  101  3
41  42  3
41  43  2
41  45  1
42  43  3
42  44  2
42  46  1
42  101  3
42  103  3
43  44  3
43  45  2
43  47  1
44  45  3
44  46  2
44  48  1
44  103  3
44  105  3
45  46  3
45  47  2
45  49  1
46  47  3
46  48  2
46  50  1
46  105  3
46  107  3
47  48  3
47  49  2
47  51  1
48  49  3
48  50  2
48  52  1
48  107  3
48  109  3
49  50  3
49  51  2
49  53  1
50  51  3
50  52  2
50  54  1
50  109  3
50  111  3
51  52  3
51  53  2
51  55  1
52  53  3
52  54  2
52  56  1
52  111  3
52  113  3
53  54  3
53  55  2
53  57  1
54  55  3
54  56  2
54  58  1
54  113  3
54  115  3
55  56  3
55  57  2
55  59  1
56  57  3
56  58  2
56  60  1
56  115  3
56  117  3
57  58  3
57  59  2
58  59  3
58  60  2
58  117  3
58  119  3
59  60  3
60  119  3
61  62  3
61  63  2
61  65  1
62  63  3
62  64  2
62  66  1
62  121  3
62  123  3
63  64  3
63  65  2
63  67  1
64  65  3
64  66  2
64  68  1
64  123  3
64  125  3
65  66  3
65  67  2
65  69  1
66  67  3
66  68  2
66  70  1
66  125  3
66  127  3
67  68  3
67  69  2
67  71  1
68  69  3
68  70  2
68  72  1
68  127  3
68  129  3
69  70  3
69  71  2
69  73  1
70  71  3
70  72  2
70  74  1
70  129  3
70  131  3
71  72  3
71  73  2
71  75  1
72  73  3
72  74  2
72  76  1
72  131  3
72  133  3
73  74  3
73  75  2
73  77  1
74  75  3
74  76  2
74  78  1
74  133  3
74  135  3
75  76  3
75  77  2
75  79  1
76  77  3
76  78  2
76  80  1
76  135  3
76  137  3
77  78  3
77  79  2
77  81  1
78  79  3
78  80  2
78  82  1
78  137  3
78  139  3
79  80  3
79  81  2
79  83  1
80  81  3
80  82  2
80  84  1
80  139  3
80  141  3
81  82  3
81  83  2
81  85  1
82  83  3
82  84  2
82  86  1
82  141  3
82  143  3
83  84  3
83  85  2
83  87  1
84  85  3
84  86  2
84  88  1
84  143  3
84  145  3
85  86  3
85  87  2
85  89  1
86  87  3
86  88  2
86  90  1
86  145  3
86  147  3
87  88  3
87  89  2
87  91  1
88  89  3
88  90  2
88  92  1
88  147  3
88  149  3
89  90  3
89  91  2
89  93  1
90  91  3
90  92  2
90  94  1
90  149  3
90  151  3
91  92  3
91  93  2
91  95  1
92  93  3
92  94  2
92  96  1
92  151  3
92  153  3
93  94  3
93  95  2
93  97  1
94  95  3
94  96  2
94  98  1
94  153  3
94  155  3
95  96  3
95  97  2
95  99  1
96  97  3
96  98  2
96  100  1
96  155  3
96  157  3
97  98  3
97  99  2
97  101  1
98  99  3
98  100  2
98  102  1
98  157  3
98  159  3
99  100  3
99  101  2
99  103  1
100  101  3
100  102  2
100  104  1
100  159  3
100  161  3
101  102  3
101  103  2
101  105  1
102  103  3
102  104  2
102  106  1
102  161  3
102  163  3
103  104  3
103  105  2
103  107  1
104  105  3
104  106  2
104  108  1
104  163  3
104  165  3
105  106  3
105  107  2
105  109  1
106  107  3
106  108  2
106  110  1
106  165  3
106  167  3
107  108  3
107  109  2
107  111  1
108  109  3
108  110  2
108  112  1
108  167  3
108  169  3
109  110  3
109  111  2
109  113  1
110  111  3
110  112  2
110  114  1
110  169  3
110  171  3
111  112  3
111  113  2
111  115  1
112  113  3
112  114  2
112  116  1
112  171  3
112  173  3
113  114  3
113  115  2
113  117  1
114  115  3
114  116  2
114  118  1
114  173  3
114  175  3
115  116  3
115  117  2
115  119  1
116  117  3
116  118  2
116  120  1
116  175  3
116  177  3
117  118  3
117  119  2
118  119  3
118  120  2
118  177  3
118  179  3
119  120  3
120  179  3
121  122  3
121  123  2
121  125  1
122  123  3
122  124  2
122  126  1
122  181  3
122  183  3
123  124  3
123  125  2
123  127  1
124  125  3
124  126  2
124  128  1
124  183  3
124  185  3
125  126  3
125  127  2
125  129  1
126  127  3
126  128  2
126  130  1
126  185  3
126  187  3
127  128  3
127  129  2
127  131  1
128  129  3
128  130  2
128  132  1
128  187  3
128  189  3
129  130  3
129  131  2
129  133  1
130  131  3
130  132  2
130  134  1
130  189  3
130  191  3
131  132  3
131  133  2
131  135  1
132  133  3
132  134  2
132  136  1
132  191  3
132  193  3
133  134  3
133  135  2
133  137  1
134  135  3
134  136  2
134  138  1
134  193  3
134  195  3
135  136  3
135  137  2
135  139  1
136  137  3
136  138  2
136  140  1
136  195  3
136  197  3
137  138  3
137  139  2
137  141  1
138  139  3
138  140  2
138  142  1
138  197  3
138  199  3
139  140  3
139  141  2
139  143  1
140  141  3
140  142  2
140  144  1
140  199  3
140  201  3
141  142  3
141  143  2
141  145  1
142  143  3
142  144  2
142  146  1
142  201  3
142  203  3
143  144  3
143  145  2
143  147  1
144  145  3
144  146  2
144  148  1
144  203  3
144  205  3
145  146  3
145  147  2
145  149  1
146  147  3
146  148  2
146  150  1
146  205  3
146  207  3
147  148  3
147  149  2
147  151  1
148  149  3
148  150  2
148  152  1
148  207  3
148  209  3
149  150  3
149  151  2
149  153  1
150  151  3
150  152  2
150  154  1
150  209  3
150  211  3
151  152  3
151  153  2
151  155  1
152  153  3
152  154  2
152  156  1
152  211  3
152  213  3
153  154  3
153  155  2
153  157  1
154  155  3
154  156  2
154  158  1
154  213  3
154  215  3
155  156  3
155  157  2
155  159  1
156  157  3
156  158  2
156  160  1
156  215  3
156  217  3
157  158  3
157  159  2
157  161  1
158  159  3
158  160  2
158  162  1
158  217  3
158  219  3
159  160  3
159  161  2
159  163  1
160  161  3
160  162  2
160  164  1
160  219  3
160  221  3
161  162  3
161  163  2
161  165  1
162  163  3
162  164  2
162  166  1
162  221  3
162  223  3
163  164  3
163  165  2
163  167  1
164  165  3
164  166  2
164  168  1
164  223  3
164  225  3
165  166  3
165  167  2
165  169  1
166  167  3
166  168  2
166  170  1
166  225  3
166  227  3
167  168  3
167  169  2
167  171  1
168  169  3
168  170  2
168  172  1
168  227  3
168  229  3
169  170  3
169  171  2
169  173  1
170  171  3
170  172  2
170  174  1
170  229  3
170  231  3
171  172  3
171  173  2
171  175  1
172  173  3
172  174  2
172  176  1
172  231  3
172  233  3
173  174  3
173  175  2
173  177  1
174  175  3
174  176  2
174  178  1
174  233  3
174  235  3
175  176  3
175  177  2
175  179  1
176  177  3
176  178  2
176  180  1
176  235  3
176  237  3
177  178  3
177  179  2
178  179  3
178  180  2
178  237  3
178  239  3
179  180  3
180  239  3
181  182  3
181  183  2
181  185  1
182  183  3
182  184  2
182  186  1
182  241  3
182  243  3
183  184  3
183  185  2
183  187  1
184  185  3
184  186  2
184  188  1
184  243  3
184  245  3
185  186  3
185  187  2
185  189  1
186  187  3
186  188  2
186  190  1
186  245  3
186  247  3
187  188  3
187  189  2
187  191  1
188  189  3
188  190  2
188  192  1
188  247  3
188  249  3
189  190  3
189  191  2
189  193  1
190  191  3
190  192  2
190  194  1
190  249  3
190  251  3
191  192  3
191  193  2
191  195  1
192  193  3
192  194  2
192  196  1
192  251  3
192  253  3
193  194  3
193  195  2
193  197  1
194  195  3
194  196  2
194  198  1
194  253  3
194  255  3
195  196  3
195  197  2
195  199  1
196  197  3
196  198  2
196  200  1
196  255  3
196  257  3
197  198  3
197  199  2
197  201  1
198  199  3
198  200  2
198  202  1
198  257  3
198  259  3
199  200  3
199  201  2
199  203  1
200  201  3
200  202  2
200  204  1
200  259  3
200  261  3
201  202  3
201  203  2
201  205  1
202  203  3
202  204  2
202  206  1
202  261  3
202  263  3
203  204  3
203  205  2
203  207  1
204  205  3
204  206  2
204  208  1
204  263  3
204  265  3
205  206  3
205  207  2
205  209  1
206  207  3
206  208  2
206  210  1
206  265  3
206  267  3
207  208  3
207  209  2
207  211  1
208  209  3
208  210  2
208  212  1
208  267  3
208  269  3
209  210  3
209  211  2
209  213  1
210  211  3
210  212  2
210  214  1
210  269  3
210  271  3
211  212  3
211  213  2
211  215  1
212  213  3
212  214  2
212  216  1
212  271  3
212  273  3
213  214  3
213  215  2
213  217  1
214  215  3
214  216  2
214  218  1
214  273  3
214  275  3
215  216  3
215  217  2
215  219  1
216  217  3
216  218  2
216  220  1
216  275  3
216  277  3
217  218  3
217  219  2
217  221  1
218  219  3
218  220  2
218  222  1
218  277  3
218  279  3
219  220  3
219  221  2
219  223  1
220  221  3
220  222  2
220  224  1
220  279  3
220  281  3
221  222  3
221  223  2
221  225  1
222  223  3
222  224  2
222  226  1
222  281  3
222  283  3
223  224  3
223  225  2
223  227  1
224  225  3
224  226  2
224  228  1
224  283  3
224  285  3
225  226  3
225  227  2
225  229  1
226  227  3
226  228  2
226  230  1
226  285  3
226  287  3
227  228  3
227  229  2
227  231  1
228  229  3
228  230  2
228  232  1
228  287  3
228  289  3
229  230  3
229  231  2
229  233  1
230  231  3
230  232  2
230  234  1
230  289  3
230  291  3
231  232  3
231  233  2
231  235  1
232  233  3
232  234  2
232  236  1
232  291  3
232  293  3
233  234  3
233  235  2
233  237  1
234  235  3
234  236  2
234  238  1
234  293  3
234  295  3
235  236  3
235  237  2
235  239  1
236  237  3
236  238  2
236  240  1
236  295  3
236  297  3
237  238  3
237  239  2
238  239  3
238  240  2
238  297  3
238  299  3
239  240  3
240  299  3
241  242  3
241  243  2
241  245  1
242  243  3
242  244  2
242  246  1
242  301  3
242  303  3
243  244  3
243  245  2
243  247  1
244  245  3
244  246  2
244  248  1
244  303  3
244  305  3
245  246  3
245  247  2
245  249  1
246  247  3
246  248  2
246  250  1
246  305  3
246  307  3
247  248  3
247  249  2
247  251  1
248  249  3
248  250  2
248  252  1
248  307  3
248  309  3
249  250  3
249  251  2
249  253  1
250  251  3
250  252  2
250  254  1
250  309  3
250  311  3
251  252  3
251  253  2
251  255  1
252  253  3
252  254  2
252  256  1
252  311  3
252  313  3
253  254  3
253  255  2
253  257  1
254  255  3
254  256  2
254  258  1
254  313  3
254  315  3
255  256  3
255  257  2
255  259  1
256  257  3
256  258  2
256  260  1
256  315  3
256  317  3
257  258  3
257  259  2
257  261  1
258  259  3
258  260  2
258  262  1
258  317  3
258  319  3
259  260  3
259  261  2
259  263  1
260  261  3
260  262  2
260  264  1
260  319  3
260  321  3
261  262  3
261  263  2
261  265  1
262  263  3
262  264  2
262  266  1
262  321  3
262  323  3
263  264  3
263  265  2
263  267  1
264  265  3
264  266  2
264  268  1
264  323  3
264  325  3
265  266  3
265  267  2
265  269  1
266  267  3
266  268  2
266  270  1
266  325  3
266  327  3
267  268  3
267  269  2
267  271  1
268  269  3
268  270  2
268  272  1
268  327  3
268  329  3
269  270  3
269  271  2
269  273  1
270  271  3
270  272  2
270  274  1
270  329  3
270  331  3
271  272  3
271  273  2
271  275  1
272  273  3
272  274  2
272  276  1
272  331  3
272  333  3
273  274  3
273  275  2
273  277  1
274  275  3
274  276  2
274  278  1
274  333  3
274  335  3
275  276  3
275  277  2
275  279  1
276  277  3
276  278  2
276  280  1
276  335  3
276  337  3
277  278  3
277  279  2
277  281  1
278  279  3
278  280  2
278  282  1
278  337  3
278  339  3
279  280  3
279  281  2
279  283  1
280  281  3
280  282  2
280  284  1
280  339  3
280  341  3
281  282  3
281  283  2
281  285  1
282  283  3
282  284  2
282  286  1
282  341  3
282  343  3
283  284  3
283  285  2
283  287  1
284  285  3
284  286  2
284  288  1
284  343  3
284  345  3
285  286  3
285  287  2
285  289  1
286  287  3
286  288  2
286  290  1
286  345  3
286  347  3
287  288  3
287  289  2
287  291  1
288  289  3
288  290  2
288  292  1
288  347  3
288  349  3
289  290  3
289  291  2
289  293  1
290  291  3
290  292  2
290  294  1
290  349  3
290  351  3
291  292  3
291  293  2
291  295  1
292  293  3
292  294  2
292  296  1
292  351  3
292  353  3
293  294  3
293  295  2
293  297  1
294  295  3
294  296  2
294  298  1
294  353  3
294  355  3
295  296  3
295  297  2
295  299  1
296  297  3
296  298  2
296  300  1
296  355  3
296  357  3
297  298  3
297  299  2
298  299  3
298  300  2
298  357  3
298  359  3
299  300  3
300  359  3
301  302  3
301  303  2
301  305  1
302  303  3
302  304  2
302  306  1
302  361  3
302  363  3
303  304  3
303  305  2
303  307  1
304  305  3
304  306  2
304  308  1
304  363  3
304  365  3
305  306  3
305  307  2
305  309  1
306  307  3
306  308  2
306  310  1
306  365  3
306  367  3
307  308  3
307  309  2
307  311  1
308  309  3
308  310  2
308  312  1
308  367  3
308  369  3
309  310  3
309  311  2
309  313  1
310  311  3
310  312  2
310  314  1
310  369  3
310  371  3
311  312  3
311  313  2
311  315  1
312  313  3
312  314  2
312  316  1
312  371  3
312  373  3
313  314  3
313  315  2
313  317  1
314  315  3
314  316  2
314  318  1
314  373  3
314  375  3
315  316  3
315  317  2
315  319  1
316  317  3
316  318  2
316  320  1
316  375  3
316  377  3
317  318  3
317  319  2
317  321  1
318  319  3
318  320  2
318  322  1
318  377  3
318  379  3
319  320  3
319  321  2
319  323  1
320  321  3
320  322  2
320  324  1
320  379  3
320  381  3
321  322  3
321  323  2
321  325  1
322  323  3
322  324  2
322  326  1
322  381  3
322  383  3
323  324  3
323  325  2
323  327  1
324  325  3
324  326  2
324  328  1
324  383  3
324  385  3
325  326  3
325  327  2
325  329  1
326  327  3
326  328  2
326  330  1
326  385  3
326  387  3
327  328  3
327  329  2
327  331  1
328  329  3
328  330  2
328  332  1
328  387  3
328  389  3
329  330  3
329  331  2
329  333  1
330  331  3
330  332  2
330  334  1
330  389  3
330  391  3
331  332  3
331  333  2
331  335  1
332  333  3
332  334  2
332  336  1
332  391  3
332  393  3
333  334  3
333  335  2
333  337  1
334  335  3
334  336  2
334  338  1
334  393  3
334  395  3
335  336  3
335  337  2
335  339  1
336  337  3
336  338  2
336  340  1
336  395  3
336  397  3
337  338  3
337  339  2
337  341  1
338  339  3
338  340  2
338  342  1
338  397  3
338  399  3
339  340  3
339  341  2
339  343  1
340  341  3
340  342  2
340  344  1
340  399  3
340  401  3
341  342  3
341  343  2
341  345  1
342  343  3
342  344  2
342  346  1
342  401  3
342  403  3
343  344  3
343  345  2
343  347  1
344  345  3
344  346  2
344  348  1
344  403  3
344  405  3
345  346  3
345  347  2
345  349  1
346  347  3
346  348  2
346  350  1
346  405  3
346  407  3
347  348  3
347  349  2
347  351  1
348  349  3
348  350  2
348  352  1
348  407  3
348  409  3
349  350  3
349  351  2
349  353  1
350  351  3
350  352  2
350  354  1
350  409  3
350  411  3
351  352  3
351  353  2
351  355  1
352  353  3
352  354  2
352  356  1
352  411  3
352  413  3
353  354  3
353  355  2
353  357  1
354  355  3
354  356  2
354  358  1
354  413  3
354  415  3
355  356  3
355  357  2
355  359  1
356  357  3
356  358  2
356  360  1
356  415  3
356  417  3
357  358  3
357  359  2
358  359  3
358  360  2
358  417  3
358  419  3
359  360  3
360  419  3
361  362  3
361  363  2
361  365  1
362  363  3
362  364  2
362  366  1
362  421  3
362  423  3
363  364  3
363  365  2
363  367  1
364  365  3
364  366  2
364  368  1
364  423  3
364  425  3
365  366  3
365  367  2
365  369  1
366  367  3
366  368  2
366  370  1
366  425  3
366  427  3
367  368  3
367  369  2
367  371  1
368  369  3
368  370  2
368  372  1
368  427  3
368  429  3
369  370  3
369  371  2
369  373  1
370  371  3
370  372  2
370  374  1
370  429  3
370  431  3
371  372  3
371  373  2
371  375  1
372  373  3
372  374  2
372  376  1
372  431  3
372  433  3
373  374  3
373  375  2
373  377  1
374  375  3
374  376  2
374  378  1
374  433  3
374  435  3
375  376  3
375  377  2
375  379  1
376  377  3
376  378  2
376  380  1
376  435  3
376  437  3
377  378  3
377  379  2
377  381  1
378  379  3
378  380  2
378  382  1
378  437  3
378  439  3
379  380  3
379  381  2
379  383  1
380  381  3
380  382  2
380  384  1
380  439  3
380  441  3
381  382  3
381  383  2
381  385  1
382  383  3
382  384  2
382  386  1
382  441  3
382  443  3
383  384  3
383  385  2
383  387  1
384  385  3
384  386  2
384  388  1
384  443  3
384  445  3
385  386  3
385  387  2
385  389  1
386  387  3
386  388  2
386  390  1
386  445  3
386  447  3
387  388  3
387  389  2
387  391  1
388  389  3
388  390  2
388  392  1
388  447  3
388  449  3
389  390  3
389  391  2
389  393  1
390  391  3
390  392  2
390  394  1
390  449  3
390  451  3
391  392  3
391  393  2
391  395  1
392  393  3
392  394  2
392  396  1
392  451  3
392  453  3
393  394  3
393  395  2
393  397  1
394  395  3
394  396  2
394  398  1
394  453  3
394  455  3
395  396  3
395  397  2
395  399  1
396  397  3
396  398  2
396  400  1
396  455  3
396  457  3
397  398  3
397  399  2
397  401  1
398  399  3
398  400  2
398  402  1
398  457  3
398  459  3
399  400  3
399  401  2
399  403  1
400  401  3
400  402  2
400  404  1
400  459  3
400  461  3
401  402  3
401  403  2
401  405  1
402  403  3
402  404  2
402  406  1
402  461  3
402  463  3
403  404  3
403  405  2
403  407  1
404  405  3
404  406  2
404  408  1
404  463  3
404  465  3
405  406  3
405  407  2
405  409  1
406  407  3
406  408  2
406  410  1
406  465  3
406  467  3
407  408  3
407  409  2
407  411  1
408  409  3
408  410  2
408  412  1
408  467  3
408  469  3
409  410  3
409  411  2
409  413  1
410  411  3
410  412  2
410  414  1
410  469  3
410  471  3
411  412  3
411  413  2
411  415  1
412  413  3
412  414  2
412  416  1
412  471  3
412  473  3
413  414  3
413  415  2
413  417  1
414  415  3
414  416  2
414  418  1
414  473  3
414  475  3
415  416  3
415  417  2
415  419  1
416  417  3
416  418  2
416  420  1
416  475  3
416  477  3
417  418  3
417  419  2
418  419  3
418  420  2
418  477  3
418  479  3
419  420  3
420  479  3
421  422  3
421  423  2
421  425  1
422  423  3
422  424  2
422  426  1
422  481  3
422  483  3
423  424  3
423  425  2
423  427  1
424  425  3
424  426  2
424  428  1
424  483  3
424  485  3
425  426  3
425  427  2
425  429  1
426  427  3
426  428  2
426  430  1
426  485  3
426  487  3
427  428  3
427  429  2
427  431  1
428  429  3
428  430  2
428  432  1
428  487  3
428  489  3
429  430  3
429  431  2
429  433  1
430  431  3
430  432  2
430  434  1
430  489  3
430  491  3
431  432  3
431  433  2
431  435  1
432  433  3
432  434  2
432  436  1
432  491  3
432  493  3
433  434  3
433  435  2
433  437  1
434  435  3
434  436  2
434  438  1
434  493  3
434  495  3
435  436  3
435  437  2
435  439  1
436  437  3
436  438  2
436  440  1
436  495  3
436  497  3
437  438  3
437  439  2
437  441  1
438  439  3
438  440  2
438  442  1
438  497  3
438  499  3
439  440  3
439  441  2
439  443  1
440  441  3
440  442  2
440  444  1
440  499  3
440  501  3
441  442  3
441  443  2
441  445  1
442  443  3
442  444  2
442  446  1
442  501  3
442  503  3
443  444  3
443  445  2
443  447  1
444  445  3
444  446  2
444  448  1
444  503  3
444  505  3
445  446  3
445  447  2
445  449  1
446  447  3
446  448  2
446  450  1
446  505  3
446  507  3
447  448  3
447  449  2
447  451  1
448  449  3
448  450  2
448  452  1
448  507  3
448  509  3
449  450  3
449  451  2
449  453  1
450  451  3
450  452  2
450  454  1
450  509  3
450  511  3
451  452  3
451  453  2
451  455  1
452  453  3
452  454  2
452  456  1
452  511  3
452  513  3
453  454  3
453  455  2
453  457  1
454  455  3
454  456  2
454  458  1
454  513  3
454  515  3
455  456  3
455  457  2
455  459  1
456  457  3
456  458  2
456  460  1
456  515  3
456  517  3
457  458  3
457  459  2
457  461  1
458  459  3
458  460  2
458  462  1
458  517  3
458  519  3
459  460  3
459  461  2
459  463  1
460  461  3
460  462  2
460  464  1
460  519  3
460  521  3
461  462  3
461  463  2
461  465  1
462  463  3
462  464  2
462  466  1
462  521  3
462  523  3
463  464  3
463  465  2
463  467  1
464  465  3
464  466  2
464  468  1
464  523  3
464  525  3
465  466  3
465  467  2
465  469  1
466  467  3
466  468  2
466  470  1
466  525  3
466  527  3
467  468  3
467  469  2
467  471  1
468  469  3
468  470  2
468  472  1
468  527  3
468  529  3
469  470  3
469  471  2
469  473  1
470  471  3
470  472  2
470  474  1
470  529  3
470  531  3
471  472  3
471  473  2
471  475  1
472  473  3
472  474  2
472  476  1
472  531  3
472  533  3
473  474  3
473  475  2
473  477  1
474  475  3
474  476  2
474  478  1
474  533  3
474  535  3
475  476  3
475  477  2
475  479  1
476  477  3
476  478  2
476  480  1
476  535  3
476  537  3
477  478  3
477  479  2
478  479  3
478  480  2
478  537  3
478  539  3
479  480  3
480  539  3
481  482  3
481  483  2
481  485  1
482  483  3
482  484  2
482  486  1
482  541  3
482  543  3
483  484  3
483  485  2
483  487  1
484  485  3
484  486  2
484  488  1
484  543  3
484  545  3
485  486  3
485  487  2
485  489  1
486  487  3
486  488  2
486  490  1
486  545  3
486  547  3
487  488  3
487  489  2
487  491  1
488  489  3
488  490  2
488  492  1
488  547  3
488  549  3
489  490  3
489  491  2
489  493  1
490  491  3
490  492  2
490  494  1
490  549  3
490  551  3
491  492  3
491  493  2
491  495  1
492  493  3
492  494  2
492  496  1
492  551  3
492  553  3
493  494  3
493  495  2
493  497  1
494  495  3
494  496  2
494  498  1
494  553  3
494  555  3
495  496  3
495  497  2
495  499  1
496  497  3
496  498  2
496  500  1
496  555  3
496  557  3
497  498  3
497  499  2
497  501  1
498  499  3
498  500  2
498  502  1
498  557  3
498  559  3
499  500  3
499  501  2
499  503  1
500  501  3
500  502  2
500  504  1
500  559  3
500  561  3
501  502  3
501  503  2
501  505  1
502  503  3
502  504  2
502  506  1
502  561  3
502  563  3
503  504  3
503  505  2
503  507  1
504  505  3
504  506  2
504  508  1
504  563  3
504  565  3
505  506  3
505  507  2
505  509  1
506  507  3
506  508  2
506  510  1
506  565  3
506  567  3
507  508  3
507  509  2
507  511  1
508  509  3
508  510  2
508  512  1
508  567  3
508  569  3
509  510  3
509  511  2
509  513  1
510  511  3
510  512  2
510  514  1
510  569  3
510  571  3
511  512  3
511  513  2
511  515  1
512  513  3
512  514  2
512  516  1
512  571  3
512  573  3
513  514  3
513  515  2
513  517  1
514  515  3
514  516  2
514  518  1
514  573  3
514  575  3
515  516  3
515  517  2
515  519  1
516  517  3
516  518  2
516  520  1
516  575  3
516  577  3
517  518  3
517  519  2
517  521  1
518  519  3
518  520  2
518  522  1
518  577  3
518  579  3
519  520  3
519  521  2
519  523  1
520  521  3
520  522  2
520  524  1
520  579  3
520  581  3
521  522  3
521  523  2
521  525  1
522  523  3
522  524  2
522  526  1
522  581  3
522  583  3
523  524  3
523  525  2
523  527  1
524  525  3
524  526  2
524  528  1
524  583  3
524  585  3
525  526  3
525  527  2
525  529  1
526  527  3
526  528  2
526  530  1
526  585  3
526  587  3
527  528  3
527  529  2
527  531  1
528  529  3
528  530  2
528  532  1
528  587  3
528  589  3
529  530  3
529  531  2
529  533  1
530  531  3
530  532  2
530  534  1
530  589  3
530  591  3
531  532  3
531  533  2
531  535  1
532  533  3
532  534  2
532  536  1
532  591  3
532  593  3
533  534  3
533  535  2
533  537  1
534  535  3
534  536  2
534  538  1
534  593  3
534  595  3
535  536  3
535  537  2
535  539  1
536  537  3
536  538  2
536  540  1
536  595  3
536  597  3
537  538  3
537  539  2
538  539  3
538  540  2
538  597  3
538  599  3
539  540  3
540  599  3
541  542  3
541  543  2
541  545  1
542  543  3
542  544  2
542  546  1
542  601  3
542  603  3
543  544  3
543  545  2
543  547  1
544  545  3
544  546  2
544  548  1
544  603  3
544  605  3
545  546  3
545  547  2
545  549  1
546  547  3
546  548  2
546  550  1
546  605  3
546  607  3
547  548  3
547  549  2
547  551  1
548  549  3
548  550  2
548  552  1
548  607  3
548  609  3
549  550  3
549  551  2
549  553  1
550  551  3
550  552  2
550  554  1
550  609  3
550  611  3
551  552  3
551  553  2
551  555  1
552  553  3
552  554  2
552  556  1
552  611  3
552  613  3
553  554  3
553  555  2
553  557  1
554  555  3
554  556  2
554  558  1
554  613  3
554  615  3
555  556  3
555  557  2
555  559  1
556  557  3
556  558  2
556  560  1
556  615  3
556  617  3
557  558  3
557  559  2
557  561  1
558  559  3
558  560  2
558  562  1
558  617  3
558  619  3
559  560  3
559  561  2
559  563  1
560  561  3
560  562  2
560  564  1
560  619  3
560  621  3
561  562  3
561  563  2
561  565  1
562  563  3
562  564  2
562  566  1
562  621  3
562  623  3
563  564  3
563  565  2
563  567  1
564  565  3
564  566  2
564  568  1
564  623  3
564  625  3
565  566  3
565  567  2
565  569  1
566  567  3
566  568  2
566  570  1
566  625  3
566  627  3
567  568  3
567  569  2
567  571  1
568  569  3
568  570  2
568  572  1
568  627  3
568  629  3
569  570  3
569  571  2
569  573  1
570  571  3
570  572  2
570  574  1
570  629  3
570  631  3
571  572  3
571  573  2
571  575  1
572  573  3
572  574  2
572  576  1
572  631  3
572  633  3
573  574  3
573  575  2
573  577  1
574  575  3
574  576  2
574  578  1
574  633  3
574  635  3
575  576  3
575  577  2
575  579  1
576  577  3
576  578  2
576  580  1
576  635  3
576  637  3
577  578  3
577  579  2
577  581  1
578  579  3
578  580  2
578  582  1
578  637  3
578  639  3
579  580  3
579  581  2
579  583  1
580  581  3
580  582  2
580  584  1
580  639  3
580  641  3
581  582  3
581  583  2
581  585  1
582  583  3
582  584  2
582  586  1
582  641  3
582  643  3
583  584  3
583  585  2
583  587  1
584  585  3
584  586  2
584  588  1
584  643  3
584  645  3
585  586  3
585  587  2
585  589  1
586  587  3
586  588  2
586  590  1
586  645  3
586  647  3
587  588  3
587  589  2
587  591  1
588  589  3
588  590  2
588  592  1
588  647  3
588  649  3
589  590  3
589  591  2
589  593  1
590  591  3
590  592  2
590  594  1
590  649  3
590  651  3
591  592  3
591  593  2
591  595  1
592  593  3
592  594  2
592  596  1
592  651  3
592  653  3
593  594  3
593  595  2
593  597  1
594  595  3
594  596  2
594  598  1
594  653  3
594  655  3
595  596  3
595  597  2
595  599  1
596  597  3
596  598  2
596  600  1
596  655  3
596  657  3
597  598  3
597  599  2
598  599  3
598  600  2
598  657  3
598  659  3
599  600  3
600  659  3
601  602  3
601  603  2
601  605  1
602  603  3
602  604  2
602  606  1
602  661  3
602  663  3
603  604  3
603  605  2
603  607  1
604  605  3
604  606  2
604  608  1
604  663  3
604  665  3
605  606  3
605  607  2
605  609  1
606  607  3
606  608  2
606  610  1
606  665  3
606  667  3
607  608  3
607  609  2
607  611  1
608  609  3
608  610  2
608  612  1
608  667  3
608  669  3
609  610  3
609  611  2
609  613  1
610  611  3
610  612  2
610  614  1
610  669  3
610  671  3
611  612  3
611  613  2
611  615  1
612  613  3
612  614  2
612  616  1
612  671  3
612  673  3
613  614  3
613  615  2
613  617  1
614  615  3
614  616  2
614  618  1
614  673  3
614  675  3
615  616  3
615  617  2
615  619  1
616  617  3
616  618  2
616  620  1
616  675  3
616  677  3
617  618  3
617  619  2
617  621  1
618  619  3
618  620  2
618  622  1
618  677  3
618  679  3
619  620  3
619  621  2
619  623  1
620  621  3
620  622  2
620  624  1
620  679  3
620  681  3
621  622  3
621  623  2
621  625  1
622  623  3
622  624  2
622  626  1
622  681  3
622  683  3
623  624  3
623  625  2
623  627  1
624  625  3
624  626  2
624  628  1
624  683  3
624  685  3
625  626  3
625  627  2
625  629  1
626  627  3
626  628  2
626  630  1
626  685  3
626  687  3
627  628  3
627  629  2
627  631  1
628  629  3
628  630  2
628  632  1
628  687  3
628  689  3
629  630  3
629  631  2
629  633  1
630  631  3
630  632  2
630  634  1
630  689  3
630  691  3
631  632  3
631  633  2
631  635  1
632  633  3
632  634  2
632  636  1
632  691  3
632  693  3
633  634  3
633  635  2
633  637  1
634  635  3
634  636  2
634  638  1
634  693  3
634  695  3
635  636  3
635  637  2
635  639  1
636  637  3
636  638  2
636  640  1
636  695  3
636  697  3
637  638  3
637  639  2
637  641  1
638  639  3
638  640  2
638  642  1
638  697  3
638  699  3
639  640  3
639  641  2
639  643  1
640  641  3
640  642  2
640  644  1
640  699  3
640  701  3
641  642  3
641  643  2
641  645  1
642  643  3
642  644  2
642  646  1
642  701  3
642  703  3
643  644  3
643  645  2
643  647  1
644  645  3
644  646  2
644  648  1
644  703  3
644  705  3
645  646  3
645  647  2
645  649  1
646  647  3
646  648  2
646  650  1
646  705  3
646  707  3
647  648  3
647  649  2
647  651  1
648  649  3
648  650  2
648  652  1
648  707  3
648  709  3
649  650  3
649  651  2
649  653  1
650  651  3
650  652  2
650  654  1
650  709  3
650  711  3
651  652  3
651  653  2
651  655  1
652  653  3
652  654  2
652  656  1
652  711  3
652  713  3
653  654  3
653  655  2
653  657  1
654  655  3
654  656  2
654  658  1
654  713  3
654  715  3
655  656  3
655  657  2
655  659  1
656  657  3
656  658  2
656  660  1
656  715  3
656  717  3
657  658  3
657  659  2
658  659  3
658  660  2
658  717  3
658  719  3
659  660  3
660  719  3
661  662  3
661  663  2
661  665  1
662  663  3
662  664  2
662  666  1
662  721  3
662  723  3
663  664  3
663  665  2
663  667  1
664  665  3
664  666  2
664  668  1
664  723  3
664  725  3
665  666  3
665  667  2
665  669  1
666  667  3
666  668  2
666  670  1
666  725  3
666  727  3
667  668  3
667  669  2
667  671  1
668  669  3
668  670  2
668  672  1
668  727  3
668  729  3
669  670  3
669  671  2
669  673  1
670  671  3
670  672  2
670  674  1
670  729  3
670  731  3
671  672  3
671  673  2
671  675  1
672  673  3
672  674  2
672  676  1
672  731  3
672  733  3
673  674  3
673  675  2
673  677  1
674  675  3
674  676  2
674  678  1
674  733  3
674  735  3
675  676  3
675  677  2
675  679  1
676  677  3
676  678  2
676  680  1
676  735  3
676  737  3
677  678  3
677  679  2
677  681  1
678  679  3
678  680  2
678  682  1
678  737  3
678  739  3
679  680  3
679  681  2
679  683  1
680  681  3
680  682  2
680  684  1
680  739  3
680  741  3
681  682  3
681  683  2
681  685  1
682  683  3
682  684  2
682  686  1
682  741  3
682  743  3
683  684  3
683  685  2
683  687  1
684  685  3
684  686  2
684  688  1
684  743  3
684  745  3
685  686  3
685  687  2
685  689  1
686  687  3
686  688  2
686  690  1
686  745  3
686  747  3
687  688  3
687  689  2
687  691  1
688  689  3
688  690  2
688  692  1
688  747  3
688  749  3
689  690  3
689  691  2
689  693  1
690  691  3
690  692  2
690  694  1
690  749  3
690  751  3
691  692  3
691  693  2
691  695  1
692  693  3
692  694  2
692  696  1
692  751  3
692  753  3
693  694  3
693  695  2
693  697  1
694  695  3
694  696  2
694  698  1
694  753  3
694  755  3
695  696  3
695  697  2
695  699  1
696  697  3
696  698  2
696  700  1
696  755  3
696  757  3
697  698  3
697  699  2
697  701  1
698  699  3
698  700  2
698  702  1
698  757  3
698  759  3
699  700  3
699  701  2
699  703  1
700  701  3
700  702  2
700  704  1
700  759  3
700  761  3
701  702  3
701  703  2
701  705  1
702  703  3
702  704  2
702  706  1
702  761  3
702  763  3
703  704  3
703  705  2
703  707  1
704  705  3
704  706  2
704  708  1
704  763  3
704  765  3
705  706  3
705  707  2
705  709  1
706  707  3
706  708  2
706  710  1
706  765  3
706  767  3
707  708  3
707  709  2
707  711  1
708  709  3
708  710  2
708  712  1
708  767  3
708  769  3
709  710  3
709  711  2
709  713  1
710  711  3
710  712  2
710  714  1
710  769  3
710  771  3
711  712  3
711  713  2
711  715  1
712  713  3
712  714  2
712  716  1
712  771  3
712  773  3
713  714  3
713  715  2
713  717  1
714  715  3
714  716  2
714  718  1
714  773  3
714  775  3
715  716  3
715  717  2
715  719  1
716  717  3
716  718  2
716  720  1
716  775  3
716  777  3
717  718  3
717  719  2
718  719  3
718  720  2
718  777  3
718  779  3
719  720  3
720  779  3
721  722  3
721  723  2
721  725  1
722  723  3
722  724  2
722  726  1
722  781  3
722  783  3
723  724  3
723  725  2
723  727  1
724  725  3
724  726  2
724  728  1
724  783  3
724  785  3
725  726  3
725  727  2
725  729  1
726  727  3
726  728  2
726  730  1
726  785  3
726  787  3
727  728  3
727  729  2
727  731  1
728  729  3
728  730  2
728  732  1
728  787  3
728  789  3
729  730  3
729  731  2
729  733  1
730  731  3
730  732  2
730  734  1
730  789  3
730  791  3
731  732  3
731  733  2
731  735  1
732  733  3
732  734  2
732  736  1
732  791  3
732  793  3
733  734  3
733  735  2
733  737  1
734  735  3
734  736  2
734  738  1
734  793  3
734  795  3
735  736  3
735  737  2
735  739  1
736  737  3
736  738  2
736  740  1
736  795  3
736  797  3
737  738  3
737  739  2
737  741  1
738  739  3
738  740  2
738  742  1
738  797  3
738  799  3
739  740  3
739  741  2
739  743  1
740  741  3
740  742  2
740  744  1
740  799  3
740  801  3
741  742  3
741  743  2
741  745  1
742  743  3
742  744  2
742  746  1
742  801  3
742  803  3
743  744  3
743  745  2
743  747  1
744  745  3
744  746  2
744  748  1
744  803  3
744  805  3
745  746  3
745  747  2
745  749  1
746  747  3
746  748  2
746  750  1
746  805  3
746  807  3
747  748  3
747  749  2
747  751  1
748  749  3
748  750  2
748  752  1
748  807  3
748  809  3
749  750  3
749  751  2
749  753  1
750  751  3
750  752  2
750  754  1
750  809  3
750  811  3
751  752  3
751  753  2
751  755  1
752  753  3
752  754  2
752  756  1
752  811  3
752  813  3
753  754  3
753  755  2
753  757  1
754  755  3
754  756  2
754  758  1
754  813  3
754  815  3
755  756  3
755  757  2
755  759  1
756  757  3
756  758  2
756  760  1
756  815  3
756  817  3
757  758  3
757  759  2
757  761  1
758  759  3
758  760  2
758  762  1
758  817  3
758  819  3
759  760  3
759  761  2
759  763  1
760  761  3
760  762  2
760  764  1
760  819  3
760  821  3
761  762  3
761  763  2
761  765  1
762  763  3
762  764  2
762  766  1
762  821  3
762  823  3
763  764  3
763  765  2
763  767  1
764  765  3
764  766  2
764  768  1
764  823  3
764  825  3
765  766  3
765  767  2
765  769  1
766  767  3
766  768  2
766  770  1
766  825  3
766  827  3
767  768  3
767  769  2
767  771  1
768  769  3
768  770  2
768  772  1
768  827  3
768  829  3
769  770  3
769  771  2
769  773  1
770  771  3
770  772  2
770  774  1
770  829  3
770  831  3
771  772  3
771  773  2
771  775  1
772  773  3
772  774  2
772  776  1
772  831  3
772  833  3
773  774  3
773  775  2
773  777  1
774  775  3
774  776  2
774  778  1
774  833  3
774  835  3
775  776  3
775  777  2
775  779  1
776  777  3
776  778  2
776  780  1
776  835  3
776  837  3
777  778  3
777  779  2
778  779  3
778  780  2
778  837  3
778  839  3
779  780  3
780  839  3
781  782  3
781  783  2
781  785  1
782  783  3
782  784  2
782  786  1
782  841  3
782  843  3
783  784  3
783  785  2
783  787  1
784  785  3
784  786  2
784  788  1
784  843  3
784  845  3
785  786  3
785  787  2
785  789  1
786  787  3
786  788  2
786  790  1
786  845  3
786  847  3
787  788  3
787  789  2
787  791  1
788  789  3
788  790  2
788  792  1
788  847  3
788  849  3
789  790  3
789  791  2
789  793  1
790  791  3
790  792  2
790  794  1
790  849  3
790  851  3
791  792  3
791  793  2
791  795  1
792  793  3
792  794  2
792  796  1
792  851  3
792  853  3
793  794  3
793  795  2
793  797  1
794  795  3
794  796  2
794  798  1
794  853  3
794  855  3
795  796  3
795  797  2
795  799  1
796  797  3
796  798  2
796  800  1
796  855  3
796  857  3
797  798  3
797  799  2
797  801  1
798  799  3
798  800  2
798  802  1
798  857  3
798  859  3
799  800  3
799  801  2
799  803  1
800  801  3
800  802  2
800  804  1
800  859  3
800  861  3
801  802  3
801  803  2
801  805  1
802  803  3
802  804  2
802  806  1
802  861  3
802  863  3
803  804  3
803  805  2
803  807  1
804  805  3
804  806  2
804  808  1
804  863  3
804  865  3
805  806  3
805  807  2
805  809  1
806  807  3
806  808  2
806  810  1
806  865  3
806  867  3
807  808  3
807  809  2
807  811  1
808  809  3
808  810  2
808  812  1
808  867  3
808  869  3
809  810  3
809  811  2
809  813  1
810  811  3
810  812  2
810  814  1
810  869  3
810  871  3
811  812  3
811  813  2
811  815  1
812  813  3
812  814  2
812  816  1
812  871  3
812  873  3
813  814  3
813  815  2
813  817  1
814  815  3
814  816  2
814  818  1
814  873  3
814  875  3
815  816  3
815  817  2
815  819  1
816  817  3
816  818  2
816  820  1
816  875  3
816  877  3
817  818  3
817  819  2
817  821  1
818  819  3
818  820  2
818  822  1
818  877  3
818  879  3
819  820  3
819  821  2
819  823  1
820  821  3
820  822  2
820  824  1
820  879  3
820  881  3
821  822  3
821  823  2
821  825  1
822  823  3
822  824  2
822  826  1
822  881  3
822  883  3
823  824  3
823  825  2
823  827  1
824  825  3
824  826  2
824  828  1
824  883  3
824  885  3
825  826  3
825  827  2
825  829  1
826  827  3
826  828  2
826  830  1
826  885  3
826  887  3
827  828  3
827  829  2
827  831  1
828  829  3
828  830  2
828  832  1
828  887  3
828  889  3
829  830  3
829  831  2
829  833  1
830  831  3
830  832  2
830  834  1
830  889  3
830  891  3
831  832  3
831  833  2
831  835  1
832  833  3
832  834  2
832  836  1
832  891  3
832  893  3
833  834  3
833  835  2
833  837  1
834  835  3
834  836  2
834  838  1
834  893  3
834  895  3
835  836  3
835  837  2
835  839  1
836  837  3
836  838  2
836  840  1
836  895  3
836  897  3
837  838  3
837  839  2
838  839  3
838  840  2
838  897  3
838  899  3
839  840  3
840  899  3
841  842  3
841  843  2
841  845  1
842  843  3
842  844  2
842  846  1
842  901  3
842  903  3
843  844  3
843  845  2
843  847  1
844  845  3
844  846  2
844  848  1
844  903  3
844  905  3
845  846  3
845  847  2
845  849  1
846  847  3
846  848  2
846  850  1
846  905  3
846  907  3
847  848  3
847  849  2
847  851  1
848  849  3
848  850  2
848  852  1
848  907  3
848  909  3
849  850  3
849  851  2
849  853  1
850  851  3
850  852  2
850  854  1
850  909  3
850  911  3
851  852  3
851  853  2
851  855  1
852  853  3
852  854  2
852  856  1
852  911  3
852  913  3
853  854  3
853  855  2
853  857  1
854  855  3
854  856  2
854  858  1
854  913  3
854  915  3
855  856  3
855  857  2
855  859  1
856  857  3
856  858  2
856  860  1
856  915  3
856  917  3
857  858  3
857  859  2
857  861  1
858  859  3
858  860  2
858  862  1
858  917  3
858  919  3
859  860  3
859  861  2
859  863  1
860  861  3
860  862  2
860  864  1
860  919  3
860  921  3
861  862  3
861  863  2
861  865  1
862  863  3
862  864  2
862  866  1
862  921  3
862  923  3
863  864  3
863  865  2
863  867  1
864  865  3
864  866  2
864  868  1
864  923  3
864  925  3
865  866  3
865  867  2
865  869  1
866  867  3
866  868  2
866  870  1
866  925  3
866  927  3
867  868  3
867  869  2
867  871  1
868  869  3
868  870  2
868  872  1
868  927  3
868  929  3
869  870  3
869  871  2
869  873  1
870  871  3
870  872  2
870  874  1
870  929  3
870  931  3
871  872  3
871  873  2
871  875  1
872  873  3
872  874  2
872  876  1
872  931  3
872  933  3
873  874  3
873  875  2
873  877  1
874  875  3
874  876  2
874  878  1
874  933  3
874  935  3
875  876  3
875  877  2
875  879  1
876  877  3
876  878  2
876  880  1
876  935  3
876  937  3
877  878  3
877  879  2
877  881  1
878  879  3
878  880  2
878  882  1
878  937  3
878  939  3
879  880  3
879  881  2
879  883  1
880  881  3
880  882  2
880  884  1
880  939  3
880  941  3
881  882  3
881  883  2
881  885  1
882  883  3
882  884  2
882  886  1
882  941  3
882  943  3
883  884  3
883  885  2
883  887  1
884  885  3
884  886  2
884  888  1
884  943  3
884  945  3
885  886  3
885  887  2
885  889  1
886  887  3
886  888  2
886  890  1
886  945  3
886  947  3
887  888  3
887  889  2
887  891  1
888  889  3
888  890  2
888  892  1
888  947  3
888  949  3
889  890  3
889  891  2
889  893  1
890  891  3
890  892  2
890  894  1
890  949  3
890  951  3
891  892  3
891  893  2
891  895  1
892  893  3
892  894  2
892  896  1
892  951  3
892  953  3
893  894  3
893  895  2
893  897  1
894  895  3
894  896  2
894  898  1
894  953  3
894  955  3
895  896  3
895  897  2
895  899  1
896  897  3
896  898  2
896  900  1
896  955  3
896  957  3
897  898  3
897  899  2
898  899  3
898  900  2
898  957  3
898  959  3
899  900  3
900  959  3
901  902  3
901  903  2
901  905  1
902  903  3
902  904  2
902  906  1
902  961  3
902  963  3
903  904  3
903  905  2
903  907  1
904  905  3
904  906  2
904  908  1
904  963  3
904  965  3
905  906  3
905  907  2
905  909  1
906  907  3
906  908  2
906  910  1
906  965  3
906  967  3
907  908  3
907  909  2
907  911  1
908  909  3
908  910  2
908  912  1
908  967  3
908  969  3
909  910  3
909  911  2
909  913  1
910  911  3
910  912  2
910  914  1
910  969  3
910  971  3
911  912  3
911  913  2
911  915  1
912  913  3
912  914  2
912  916  1
912  971  3
912  973  3
913  914  3
913  915  2
913  917  1
914  915  3
914  916  2
914  918  1
914  973  3
914  975  3
915  916  3
915  917  2
915  919  1
916  917  3
916  918  2
916  920  1
916  975  3
916  977  3
917  918  3
917  919  2
917  921  1
918  919  3
918  920  2
918  922  1
918  977  3
918  979  3
919  920  3
919  921  2
919  923  1
920  921  3
920  922  2
920  924  1
920  979  3
920  981  3
921  922  3
921  923  2
921  925  1
922  923  3
922  924  2
922  926  1
922  981  3
922  983  3
923  924  3
923  925  2
923  927  1
924  925  3
924  926  2
924  928  1
924  983  3
924  985  3
925  926  3
925  927  2
925  929  1
926  927  3
926  928  2
926  930  1
926  985  3
926  987  3
927  928  3
927  929  2
927  931  1
928  929  3
928  930  2
928  932  1
928  987  3
928  989  3
929  930  3
929  931  2
929  933  1
930  931  3
930  932  2
930  934  1
930  989  3
930  991  3
931  932  3
931  933  2
931  935  1
932  933  3
932  934  2
932  936  1
932  991  3
932  993  3
933  934  3
933  935  2
933  937  1
934  935  3
934  936  2
934  938  1
934  993  3
934  995  3
935  936  3
935  937  2
935  939  1
936  937  3
936  938  2
936  940  1
936  995  3
936  997  3
937  938  3
937  939  2
937  941  1
938  939  3
938  940  2
938  942  1
938  997  3
938  999  3
939  940  3
939  941  2
939  943  1
940  941  3
940  942  2
940  944  1
940  999  3
940  1001  3
941  942  3
941  943  2
941  945  1
942  943  3
942  944  2
942  946  1
942  1001  3
942  1003  3
943  944  3
943  945  2
943  947  1
944  945  3
944  946  2
944  948  1
944  1003  3
944  1005  3
945  946  3
945  947  2
945  949  1
946  947  3
946  948  2
946  950  1
946  1005  3
946  1007  3
947  948  3
947  949  2
947  951  1
948  949  3
948  950  2
948  952  1
948  1007  3
948  1009  3
949  950  3
949  951  2
949  953  1
950  951  3
950  952  2
950  954  1
950  1009  3
950  1011  3
951  952  3
951  953  2
951  955  1
952  953  3
952  954  2
952  956  1
952  1011  3
952  1013  3
953  954  3
953  955  2
953  957  1
954  955  3
954  956  2
954  958  1
954  1013  3
954  1015  3
955  956  3
955  957  2
955  959  1
956  957  3
956  958  2
956  960  1
956  1015  3
956  1017  3
957  958  3
957  959  2
958  959  3
958  960  2
958  1017  3
958  1019  3
959  960  3
960  1019  3
961  962  3
961  963  2
961  965  1
962  963  3
962  964  2
962  966  1
962  1021  3
962  1023  3
963  964  3
963  965  2
963  967  1
964  965  3
964  966  2
964  968  1
964  1023  3
964  1025  3
965  966  3
965  967  2
965  969  1
966  967  3
966  968  2
966  970  1
966  1025  3
966  1027  3
967  968  3
967  969  2
967  971  1
968  969  3
968  970  2
968  972  1
968  1027  3
968  1029  3
969  970  3
969  971  2
969  973  1
970  971  3
970  972  2
970  974  1
970  1029  3
970  1031  3
971  972  3
971  973  2
971  975  1
972  973  3
972  974  2
972  976  1
972  1031  3
972  1033  3
973  974  3
973  975  2
973  977  1
974  975  3
974  976  2
974  978  1
974  1033  3
974  1035  3
975  976  3
975  977  2
975  979  1
976  977  3
976  978  2
976  980  1
976  1035  3
976  1037  3
977  978  3
977  979  2
977  981  1
978  979  3
978  980  2
978  982  1
978  1037  3
978  1039  3
979  980  3
979  981  2
979  983  1
980  981  3
980  982  2
980  984  1
980  1039  3
980  1041  3
981  982  3
981  983  2
981  985  1
982  983  3
982  984  2
982  986  1
982  1041  3
982  1043  3
983  984  3
983  985  2
983  987  1
984  985  3
984  986  2
984  988  1
984  1043  3
984  1045  3
985  986  3
985  987  2
985  989  1
986  987  3
986  988  2
986  990  1
986  1045  3
986  1047  3
987  988  3
987  989  2
987  991  1
988  989  3
988  990  2
988  992  1
988  1047  3
988  1049  3
989  990  3
989  991  2
989  993  1
990  991  3
990  992  2
990  994  1
990  1049  3
990  1051  3
991  992  3
991  993  2
991  995  1
992  993  3
992  994  2
992  996  1
992  1051  3
992  1053  3
993  994  3
993  995  2
993  997  1
994  995  3
994  996  2
994  998  1
994  1053  3
994  1055  3
995  996  3
995  997  2
995  999  1
996  997  3
996  998  2
996  1000  1
996  1055  3
996  1057  3
997  998  3
997  999  2
997  1001  1
998  999  3
998  1000  2
998  1002  1
998  1057  3
998  1059  3
999  1000  3
999  1001  2
999  1003  1
1000  1001  3
1000  1002  2
1000  1004  1
1000  1059  3
1000  1061  3
1001  1002  3
1001  1003  2
1001  1005  1
1002  1003  3
1002  1004  2
1002  1006  1
1002  1061  3
1002  1063  3
1003  1004  3
1003  1005  2
1003  1007  1
1004  1005  3
1004  1006  2
1004  1008  1
1004  1063  3
1004  1065  3
1005  1006  3
1005  1007  2
1005  1009  1
1006  1007  3
1006  1008  2
1006  1010  1
1006  1065  3
1006  1067  3
1007  1008  3
1007  1009  2
1007  1011  1
1008  1009  3
1008  1010  2
1008  1012  1
1008  1067  3
1008  1069  3
1009  1010  3
1009  1011  2
1009  1013  1
1010  1011  3
1010  1012  2
1010  1014  1
1010  1069  3
1010  1071  3
1011  1012  3
1011  1013  2
1011  1015  1
1012  1013  3
1012  1014  2
1012  1016  1
1012  1071  3
1012  1073  3
1013  1014  3
1013  1015  2
1013  1017  1
1014  1015  3
1014  1016  2
1014  1018  1
1014  1073  3
1014  1075  3
1015  1016  3
1015  1017  2
1015  1019  1
1016  1017  3
1016  1018  2
1016  1020  1
1016  1075  3
1016  1077  3
1017  1018  3
1017  1019  2
1018  1019  3
1018  1020  2
1018  1077  3
1018  1079  3
1019  1020  3
1020  1079  3
1021  1022  3
1021  1023  2
1021  1025  1
1022  1023  3
1022  1024  2
1022  1026  1
1022  1081  3
1022  1083  3
1023  1024  3
1023  1025  2
1023  1027  1
1024  1025  3
1024  1026  2
1024  1028  1
1024  1083  3
1024  1085  3
1025  1026  3
1025  1027  2
1025  1029  1
1026  1027  3
1026  1028  2
1026  1030  1
1026  1085  3
1026  1087  3
1027  1028  3
1027  1029  2
1027  1031  1
1028  1029  3
1028  1030  2
1028  1032  1
1028  1087  3
1028  1089  3
1029  1030  3
1029  1031  2
1029  1033  1
1030  1031  3
1030  1032  2
1030  1034  1
1030  1089  3
1030  1091  3
1031  1032  3
1031  1033  2
1031  1035  1
1032  1033  3
1032  1034  2
1032  1036  1
1032  1091  3
1032  1093  3
1033  1034  3
1033  1035  2
1033  1037  1
1034  1035  3
1034  1036  2
1034  1038  1
1034  1093  3
1034  1095  3
1035  1036  3
1035  1037  2
1035  1039  1
1036  1037  3
1036  1038  2
1036  1040  1
1036  1095  3
1036  1097  3
1037  1038  3
1037  1039  2
1037  1041  1
1038  1039  3
1038  1040  2
1038  1042  1
1038  1097  3
1038  1099  3
1039  1040  3
1039  1041  2
1039  1043  1
1040  1041  3
1040  1042  2
1040  1044  1
1040  1099  3
1040  1101  3
1041  1042  3
1041  1043  2
1041  1045  1
1042  1043  3
1042  1044  2
1042  1046  1
1042  1101  3
1042  1103  3
1043  1044  3
1043  1045  2
1043  1047  1
1044  1045  3
1044  1046  2
1044  1048  1
1044  1103  3
1044  1105  3
1045  1046  3
1045  1047  2
1045  1049  1
1046  1047  3
1046  1048  2
1046  1050  1
1046  1105  3
1046  1107  3
1047  1048  3
1047  1049  2
1047  1051  1
1048  1049  3
1048  1050  2
1048  1052  1
1048  1107  3
1048  1109  3
1049  1050  3
1049  1051  2
1049  1053  1
1050  1051  3
1050  1052  2
1050  1054  1
1050  1109  3
1050  1111  3
1051  1052  3
1051  1053  2
1051  1055  1
1052  1053  3
1052  1054  2
1052  1056  1
1052  1111  3
1052  1113  3
1053  1054  3
1053  1055  2
1053  1057  1
1054  1055  3
1054  1056  2
1054  1058  1
1054  1113  3
1054  1115  3
1055  1056  3
1055  1057  2
1055  1059  1
1056  1057  3
1056  1058  2
1056  1060  1
1056  1115  3
1056  1117  3
1057  1058  3
1057  1059  2
1057  1061  1
1058  1059  3
1058  1060  2
1058  1062  1
1058  1117  3
1058  1119  3
1059  1060  3
1059  1061  2
1059  1063  1
1060  1061  3
1060  1062  2
1060  1064  1
1060  1119  3
1060  1121  3
1061  1062  3
1061  1063  2
1061  1065  1
1062  1063  3
1062  1064  2
1062  1066  1
1062  1121  3
1062  1123  3
1063  1064  3
1063  1065  2
1063  1067  1
1064  1065  3
1064  1066  2
1064  1068  1
1064  1123  3
1064  1125  3
1065  1066  3
1065  1067  2
1065  1069  1
1066  1067  3
1066  1068  2
1066  1070  1
1066  1125  3
1066  1127  3
1067  1068  3
1067  1069  2
1067  1071  1
1068  1069  3
1068  1070  2
1068  1072  1
1068  1127  3
1068  1129  3
1069  1070  3
1069  1071  2
1069  1073  1
1070  1071  3
1070  1072  2
1070  1074  1
1070  1129  3
1070  1131  3
1071  1072  3
1071  1073  2
1071  1075  1
1072  1073  3
1072  1074  2
1072  1076  1
1072  1131  3
1072  1133  3
1073  1074  3
1073  1075  2
1073  1077  1
1074  1075  3
1074  1076  2
1074  1078  1
1074  1133  3
1074  1135  3
1075  1076  3
1075  1077  2
1075  1079  1
1076  1077  3
1076  1078  2
1076  1080  1
1076  1135  3
1076  1137  3
1077  1078  3
1077  1079  2
1078  1079  3
1078  1080  2
1078  1137  3
1078  1139  3
1079  1080  3
1080  1139  3
1081  1082  3
1081  1083  2
1081  1085  1
1082  1083  3
1082  1084  2
1082  1086  1
1082  1141  3
1082  1143  3
1083  1084  3
1083  1085  2
1083  1087  1
1084  1085  3
1084  1086  2
1084  1088  1
1084  1143  3
1084  1145  3
1085  1086  3
1085  1087  2
1085  1089  1
1086  1087  3
1086  1088  2
1086  1090  1
1086  1145  3
1086  1147  3
1087  1088  3
1087  1089  2
1087  1091  1
1088  1089  3
1088  1090  2
1088  1092  1
1088  1147  3
1088  1149  3
1089  1090  3
1089  1091  2
1089  1093  1
1090  1091  3
1090  1092  2
1090  1094  1
1090  1149  3
1090  1151  3
1091  1092  3
1091  1093  2
1091  1095  1
1092  1093  3
1092  1094  2
1092  1096  1
1092  1151  3
1092  1153  3
1093  1094  3
1093  1095  2
1093  1097  1
1094  1095  3
1094  1096  2
1094  1098  1
1094  1153  3
1094  1155  3
1095  1096  3
1095  1097  2
1095  1099  1
1096  1097  3
1096  1098  2
1096  1100  1
1096  1155  3
1096  1157  3
1097  1098  3
1097  1099  2
1097  1101  1
1098  1099  3
1098  1100  2
1098  1102  1
1098  1157  3
1098  1159  3
1099  1100  3
1099  1101  2
1099  1103  1
1100  1101  3
1100  1102  2
1100  1104  1
1100  1159  3
1100  1161  3
1101  1102  3
1101  1103  2
1101  1105  1
1102  1103  3
1102  1104  2
1102  1106  1
1102  1161  3
1102  1163  3
1103  1104  3
1103  1105  2
1103  1107  1
1104  1105  3
1104  1106  2
1104  1108  1
1104  1163  3
1104  1165  3
1105  1106  3
1105  1107  2
1105  1109  1
1106  1107  3
1106  1108  2
1106  1110  1
1106  1165  3
1106  1167  3
1107  1108  3
1107  1109  2
1107  1111  1
1108  1109  3
1108  1110  2
1108  1112  1
1108  1167  3
1108  1169  3
1109  1110  3
1109  1111  2
1109  1113  1
1110  1111  3
1110  1112  2
1110  1114  1
1110  1169  3
1110  1171  3
1111  1112  3
1111  1113  2
1111  1115  1
1112  1113  3
1112  1114  2
1112  1116  1
1112  1171  3
1112  1173  3
1113  1114  3
1113  1115  2
1113  1117  1
1114  1115  3
1114  1116  2
1114  1118  1
1114  1173  3
1114  1175  3
1115  1116  3
1115  1117  2
1115  1119  1
1116  1117  3
1116  1118  2
1116  1120  1
1116  1175  3
1116  1177  3
1117  1118  3
1117  1119  2
1117  1121  1
1118  1119  3
1118  1120  2
1118  1122  1
1118  1177  3
1118  1179  3
1119  1120  3
1119  1121  2
1119  1123  1
1120  1121  3
1120  1122  2
1120  1124  1
1120  1179  3
1120  1181  3
1121  1122  3
1121  1123  2
1121  1125  1
1122  1123  3
1122  1124  2
1122  1126  1
1122  1181  3
1122  1183  3
1123  1124  3
1123  1125  2
1123  1127  1
1124  1125  3
1124  1126  2
1124  1128  1
1124  1183  3
1124  1185  3
1125  1126  3
1125  1127  2
1125  1129  1
1126  1127  3
1126  1128  2
1126  1130  1
1126  1185  3
1126  1187  3
1127  1128  3
1127  1129  2
1127  1131  1
1128  1129  3
1128  1130  2
1128  1132  1
1128  1187  3
1128  1189  3
1129  1130  3
1129  1131  2
1129  1133  1
1130  1131  3
1130  1132  2
1130  1134  1
1130  1189  3
1130  1191  3
1131  1132  3
1131  1133  2
1131  1135  1
1132  1133  3
1132  1134  2
1132  1136  1
1132  1191  3
1132  1193  3
1133  1134  3
1133  1135  2
1133  1137  1
1134  1135  3
1134  1136  2
1134  1138  1
1134  1193  3
1134  1195  3
1135  1136  3
1135  1137  2
1135  1139  1
1136  1137  3
1136  1138  2
1136  1140  1
1136  1195  3
1136  1197  3
1137  1138  3
1137  1139  2
1138  1139  3
1138  1140  2
1138  1197  3
1138  1199  3
1139  1140  3
1140  1199  3
1141  1142  3
1141  1143  2
1141  1145  1
1142  1143  3
1142  1144  2
1142  1146  1
1142  1201  3
1142  1203  3
1143  1144  3
1143  1145  2
1143  1147  1
1144  1145  3
1144  1146  2
1144  1148  1
1144  1203  3
1144  1205  3
1145  1146  3
1145  1147  2
1145  1149  1
1146  1147  3
1146  1148  2
1146  1150  1
1146  1205  3
1146  1207  3
1147  1148  3
1147  1149  2
1147  1151  1
1148  1149  3
1148  1150  2
1148  1152  1
1148  1207  3
1148  1209  3
1149  1150  3
1149  1151  2
1149  1153  1
1150  1151  3
1150  1152  2
1150  1154  1
1150  1209  3
1150  1211  3
1151  1152  3
1151  1153  2
1151  1155  1
1152  1153  3
1152  1154  2
1152  1156  1
1152  1211  3
1152  1213  3
1153  1154  3
1153  1155  2
1153  1157  1
1154  1155  3
1154  1156  2
1154  1158  1
1154  1213  3
1154  1215  3
1155  1156  3
1155  1157  2
1155  1159  1
1156  1157  3
1156  1158  2
1156  1160  1
1156  1215  3
1156  1217  3
1157  1158  3
1157  1159  2
1157  1161  1
1158  1159  3
1158  1160  2
1158  1162  1
1158  1217  3
1158  1219  3
1159  1160  3
1159  1161  2
1159  1163  1
1160  1161  3
1160  1162  2
1160  1164  1
1160  1219  3
1160  1221  3
1161  1162  3
1161  1163  2
1161  1165  1
1162  1163  3
1162  1164  2
1162  1166  1
1162  1221  3
1162  1223  3
1163  1164  3
1163  1165  2
1163  1167  1
1164  1165  3
1164  1166  2
1164  1168  1
1164  1223  3
1164  1225  3
1165  1166  3
1165  1167  2
1165  1169  1
1166  1167  3
1166  1168  2
1166  1170  1
1166  1225  3
1166  1227  3
1167  1168  3
1167  1169  2
1167  1171  1
1168  1169  3
1168  1170  2
1168  1172  1
1168  1227  3
1168  1229  3
1169  1170  3
1169  1171  2
1169  1173  1
1170  1171  3
1170  1172  2
1170  1174  1
1170  1229  3
1170  1231  3
1171  1172  3
1171  1173  2
1171  1175  1
1172  1173  3
1172  1174  2
1172  1176  1
1172  1231  3
1172  1233  3
1173  1174  3
1173  1175  2
1173  1177  1
1174  1175  3
1174  1176  2
1174  1178  1
1174  1233  3
1174  1235  3
1175  1176  3
1175  1177  2
1175  1179  1
1176  1177  3
1176  1178  2
1176  1180  1
1176  1235  3
1176  1237  3
1177  1178  3
1177  1179  2
1177  1181  1
1178  1179  3
1178  1180  2
1178  1182  1
1178  1237  3
1178  1239  3
1179  1180  3
1179  1181  2
1179  1183  1
1180  1181  3
1180  1182  2
1180  1184  1
1180  1239  3
1180  1241  3
1181  1182  3
1181  1183  2
1181  1185  1
1182  1183  3
1182  1184  2
1182  1186  1
1182  1241  3
1182  1243  3
1183  1184  3
1183  1185  2
1183  1187  1
1184  1185  3
1184  1186  2
1184  1188  1
1184  1243  3
1184  1245  3
1185  1186  3
1185  1187  2
1185  1189  1
1186  1187  3
1186  1188  2
1186  1190  1
1186  1245  3
1186  1247  3
1187  1188  3
1187  1189  2
1187  1191  1
1188  1189  3
1188  1190  2
1188  1192  1
1188  1247  3
1188  1249  3
1189  1190  3
1189  1191  2
1189  1193  1
1190  1191  3
1190  1192  2
1190  1194  1
1190  1249  3
1190  1251  3
1191  1192  3
1191  1193  2
1191  1195  1
1192  1193  3
1192  1194  2
1192  1196  1
1192  1251  3
1192  1253  3
1193  1194  3
1193  1195  2
1193  1197  1
1194  1195  3
1194  1196  2
1194  1198  1
1194  1253  3
1194  1255  3
1195  1196  3
1195  1197  2
1195  1199  1
1196  1197  3
1196  1198  2
1196  1200  1
1196  1255  3
1196  1257  3
1197  1198  3
1197  1199  2
1198  1199  3
1198  1200  2
1198  1257  3
1198  1259  3
1199  1200  3
1200  1259  3
1201  1202  3
1201  1203  2
1201  1205  1
1202  1203  3
1202  1204  2
1202  1206  1
1202  1261  3
1202  1263  3
1203  1204  3
1203  1205  2
1203  1207  1
1204  1205  3
1204  1206  2
1204  1208  1
1204  1263  3
1204  1265  3
1205  1206  3
1205  1207  2
1205  1209  1
1206  1207  3
1206  1208  2
1206  1210  1
1206  1265  3
1206  1267  3
1207  1208  3
1207  1209  2
1207  1211  1
1208  1209  3
1208  1210  2
1208  1212  1
1208  1267  3
1208  1269  3
1209  1210  3
1209  1211  2
1209  1213  1
1210  1211  3
1210  1212  2
1210  1214  1
1210  1269  3
1210  1271  3
1211  1212  3
1211  1213  2
1211  1215  1
1212  1213  3
1212  1214  2
1212  1216  1
1212  1271  3
1212  1273  3
1213  1214  3
1213  1215  2
1213  1217  1
1214  1215  3
1214  1216  2
1214  1218  1
1214  1273  3
1214  1275  3
1215  1216  3
1215  1217  2
1215  1219  1
1216  1217  3
1216  1218  2
1216  1220  1
1216  1275  3
1216  1277  3
1217  1218  3
1217  1219  2
1217  1221  1
1218  1219  3
1218  1220  2
1218  1222  1
1218  1277  3
1218  1279  3
1219  1220  3
1219  1221  2
1219  1223  1
1220  1221  3
1220  1222  2
1220  1224  1
1220  1279  3
1220  1281  3
1221  1222  3
1221  1223  2
1221  1225  1
1222  1223  3
1222  1224  2
1222  1226  1
1222  1281  3
1222  1283  3
1223  1224  3
1223  1225  2
1223  1227  1
1224  1225  3
1224  1226  2
1224  1228  1
1224  1283  3
1224  1285  3
1225  1226  3
1225  1227  2
1225  1229  1
1226  1227  3
1226  1228  2
1226  1230  1
1226  1285  3
1226  1287  3
1227  1228  3
1227  1229  2
1227  1231  1
1228  1229  3
1228  1230  2
1228  1232  1
1228  1287  3
1228  1289  3
1229  1230  3
1229  1231  2
1229  1233  1
1230  1231  3
1230  1232  2
1230  1234  1
1230  1289  3
1230  1291  3
1231  1232  3
1231  1233  2
1231  1235  1
1232  1233  3
1232  1234  2
1232  1236  1
1232  1291  3
1232  1293  3
1233  1234  3
1233  1235  2
1233  1237  1
1234  1235  3
1234  1236  2
1234  1238  1
1234  1293  3
1234  1295  3
1235  1236  3
1235  1237  2
1235  1239  1
1236  1237  3
1236  1238  2
1236  1240  1
1236  1295  3
1236  1297  3
1237  1238  3
1237  1239  2
1237  1241  1
1238  1239  3
1238  1240  2
1238  1242  1
1238  1297  3
1238  1299  3
1239  1240  3
1239  1241  2
1239  1243  1
1240  1241  3
1240  1242  2
1240  1244  1
1240  1299  3
1240  1301  3
1241  1242  3
1241  1243  2
1241  1245  1
1242  1243  3
1242  1244  2
1242  1246  1
1242  1301  3
1242  1303  3
1243  1244  3
1243  1245  2
1243  1247  1
1244  1245  3
1244  1246  2
1244  1248  1
1244  1303  3
1244  1305  3
1245  1246  3
1245  1247  2
1245  1249  1
1246  1247  3
1246  1248  2
1246  1250  1
1246  1305  3
1246  1307  3
1247  1248  3
1247  1249  2
1247  1251  1
1248  1249  3
1248  1250  2
1248  1252  1
1248  1307  3
1248  1309  3
1249  1250  3
1249  1251  2
1249  1253  1
1250  1251  3
1250  1252  2
1250  1254  1
1250  1309  3
1250  1311  3
1251  1252  3
1251  1253  2
1251  1255  1
1252  1253  3
1252  1254  2
1252  1256  1
1252  1311  3
1252  1313  3
1253  1254  3
1253  1255  2
1253  1257  1
1254  1255  3
1254  1256  2
1254  1258  1
1254  1313  3
1254  1315  3
1255  1256  3
1255  1257  2
1255  1259  1
1256  1257  3
1256  1258  2
1256  1260  1
1256  1315  3
1256  1317  3
1257  1258  3
1257  1259  2
1258  1259  3
1258  1260  2
1258  1317  3
1258  1319  3
1259  1260  3
1260  1319  3
1261  1262  3
1261  1263  2
1261  1265  1
1262  1263  3
1262  1264  2
1262  1266  1
1262  1321  3
1262  1323  3
1263  1264  3
1263  1265  2
1263  1267  1
1264  1265  3
1264  1266  2
1264  1268  1
1264  1323  3
1264  1325  3
1265  1266  3
1265  1267  2
1265  1269  1
1266  1267  3
1266  1268  2
1266  1270  1
1266  1325  3
1266  1327  3
1267  1268  3
1267  1269  2
1267  1271  1
1268  1269  3
1268  1270  2
1268  1272  1
1268  1327  3
1268  1329  3
1269  1270  3
1269  1271  2
1269  1273  1
1270  1271  3
1270  1272  2
1270  1274  1
1270  1329  3
1270  1331  3
1271  1272  3
1271  1273  2
1271  1275  1
1272  1273  3
1272  1274  2
1272  1276  1
1272  1331  3
1272  1333  3
1273  1274  3
1273  1275  2
1273  1277  1
1274  1275  3
1274  1276  2
1274  1278  1
1274  1333  3
1274  1335  3
1275  1276  3
1275  1277  2
1275  1279  1
1276  1277  3
1276  1278  2
1276  1280  1
1276  1335  3
1276  1337  3
1277  1278  3
1277  1279  2
1277  1281  1
1278  1279  3
1278  1280  2
1278  1282  1
1278  1337  3
1278  1339  3
1279  1280  3
1279  1281  2
1279  1283  1
1280  1281  3
1280  1282  2
1280  1284  1
1280  1339  3
1280  1341  3
1281  1282  3
1281  1283  2
1281  1285  1
1282  1283  3
1282  1284  2
1282  1286  1
1282  1341  3
1282  1343  3
1283  1284  3
1283  1285  2
1283  1287  1
1284  1285  3
1284  1286  2
1284  1288  1
1284  1343  3
1284  1345  3
1285  1286  3
1285  1287  2
1285  1289  1
1286  1287  3
1286  1288  2
1286  1290  1
1286  1345  3
1286  1347  3
1287  1288  3
1287  1289  2
1287  1291  1
1288  1289  3
1288  1290  2
1288  1292  1
1288  1347  3
1288  1349  3
1289  1290  3
1289  1291  2
1289  1293  1
1290  1291  3
1290  1292  2
1290  1294  1
1290  1349  3
1290  1351  3
1291  1292  3
1291  1293  2
1291  1295  1
1292  1293  3
1292  1294  2
1292  1296  1
1292  1351  3
1292  1353  3
1293  1294  3
1293  1295  2
1293  1297  1
1294  1295  3
1294  1296  2
1294  1298  1
1294  1353  3
1294  1355  3
1295  1296  3
1295  1297  2
1295  1299  1
1296  1297  3
1296  1298  2
1296  1300  1
1296  1355  3
1296  1357  3
1297  1298  3
1297  1299  2
1297  1301  1
1298  1299  3
1298  1300  2
1298  1302  1
1298  1357  3
1298  1359  3
1299  1300  3
1299  1301  2
1299  1303  1
1300  1301  3
1300  1302  2
1300  1304  1
1300  1359  3
1300  1361  3
1301  1302  3
1301  1303  2
1301  1305  1
1302  1303  3
1302  1304  2
1302  1306  1
1302  1361  3
1302  1363  3
1303  1304  3
1303  1305  2
1303  1307  1
1304  1305  3
1304  1306  2
1304  1308  1
1304  1363  3
1304  1365  3
1305  1306  3
1305  1307  2
1305  1309  1
1306  1307  3
1306  1308  2
1306  1310  1
1306  1365  3
1306  1367  3
1307  1308  3
1307  1309  2
1307  1311  1
1308  1309  3
1308  1310  2
1308  1312  1
1308  1367  3
1308  1369  3
1309  1310  3
1309  1311  2
1309  1313  1
1310  1311  3
1310  1312  2
1310  1314  1
1310  1369  3
1310  1371  3
1311  1312  3
1311  1313  2
1311  1315  1
1312  1313  3
1312  1314  2
1312  1316  1
1312  1371  3
1312  1373  3
1313  1314  3
1313  1315  2
1313  1317  1
1314  1315  3
1314  1316  2
1314  1318  1
1314  1373  3
1314  1375  3
1315  1316  3
1315  1317  2
1315  1319  1
1316  1317  3
1316  1318  2
1316  1320  1
1316  1375  3
1316  1377  3
1317  1318  3
1317  1319  2
1318  1319  3
1318  1320  2
1318  1377  3
1318  1379  3
1319  1320  3
1320  1379  3
1321  1322  3
1321  1323  2
1321  1325  1
1322  1323  3
1322  1324  2
1322  1326  1
1322  1381  3
1322  1383  3
1323  1324  3
1323  1325  2
1323  1327  1
1324  1325  3
1324  1326  2
1324  1328  1
1324  1383  3
1324  1385  3
1325  1326  3
1325  1327  2
1325  1329  1
1326  1327  3
1326  1328  2
1326  1330  1
1326  1385  3
1326  1387  3
1327  1328  3
1327  1329  2
1327  1331  1
1328  1329  3
1328  1330  2
1328  1332  1
1328  1387  3
1328  1389  3
1329  1330  3
1329  1331  2
1329  1333  1
1330  1331  3
1330  1332  2
1330  1334  1
1330  1389  3
1330  1391  3
1331  1332  3
1331  1333  2
1331  1335  1
1332  1333  3
1332  1334  2
1332  1336  1
1332  1391  3
1332  1393  3
1333  1334  3
1333  1335  2
1333  1337  1
1334  1335  3
1334  1336  2
1334  1338  1
1334  1393  3
1334  1395  3
1335  1336  3
1335  1337  2
1335  1339  1
1336  1337  3
1336  1338  2
1336  1340  1
1336  1395  3
1336  1397  3
1337  1338  3
1337  1339  2
1337  1341  1
1338  1339  3
1338  1340  2
1338  1342  1
1338  1397  3
1338  1399  3
1339  1340  3
1339  1341  2
1339  1343  1
1340  1341  3
1340  1342  2
1340  1344  1
1340  1399  3
1340  1401  3
1341  1342  3
1341  1343  2
1341  1345  1
1342  1343  3
1342  1344  2
1342  1346  1
1342  1401  3
1342  1403  3
1343  1344  3
1343  1345  2
1343  1347  1
1344  1345  3
1344  1346  2
1344  1348  1
1344  1403  3
1344  1405  3
1345  1346  3
1345  1347  2
1345  1349  1
1346  1347  3
1346  1348  2
1346  1350  1
1346  1405  3
1346  1407  3
1347  1348  3
1347  1349  2
1347  1351  1
1348  1349  3
1348  1350  2
1348  1352  1
1348  1407  3
1348  1409  3
1349  1350  3
1349  1351  2
1349  1353  1
1350  1351  3
1350  1352  2
1350  1354  1
1350  1409  3
1350  1411  3
1351  1352  3
1351  1353  2
1351  1355  1
1352  1353  3
1352  1354  2
1352  1356  1
1352  1411  3
1352  1413  3
1353  1354  3
1353  1355  2
1353  1357  1
1354  1355  3
1354  1356  2
1354  1358  1
1354  1413  3
1354  1415  3
1355  1356  3
1355  1357  2
1355  1359  1
1356  1357  3
1356  1358  2
1356  1360  1
1356  1415  3
1356  1417  3
1357  1358  3
1357  1359  2
1357  1361  1
1358  1359  3
1358  1360  2
1358  1362  1
1358  1417  3
1358  1419  3
1359  1360  3
1359  1361  2
1359  1363  1
1360  1361  3
1360  1362  2
1360  1364  1
1360  1419  3
1360  1421  3
1361  1362  3
1361  1363  2
1361  1365  1
1362  1363  3
1362  1364  2
1362  1366  1
1362  1421  3
1362  1423  3
1363  1364  3
1363  1365  2
1363  1367  1
1364  1365  3
1364  1366  2
1364  1368  1
1364  1423  3
1364  1425  3
1365  1366  3
1365  1367  2
1365  1369  1
1366  1367  3
1366  1368  2
1366  1370  1
1366  1425  3
1366  1427  3
1367  1368  3
1367  1369  2
1367  1371  1
1368  1369  3
1368  1370  2
1368  1372  1
1368  1427  3
1368  1429  3
1369  1370  3
1369  1371  2
1369  1373  1
1370  1371  3
1370  1372  2
1370  1374  1
1370  1429  3
1370  1431  3
1371  1372  3
1371  1373  2
1371  1375  1
1372  1373  3
1372  1374  2
1372  1376  1
1372  1431  3
1372  1433  3
1373  1374  3
1373  1375  2
1373  1377  1
1374  1375  3
1374  1376  2
1374  1378  1
1374  1433  3
1374  1435  3
1375  1376  3
1375  1377  2
1375  1379  1
1376  1377  3
1376  1378  2
1376  1380  1
1376  1435  3
1376  1437  3
1377  1378  3
1377  1379  2
1378  1379  3
1378  1380  2
1378  1437  3
1378  1439  3
1379  1380  3
1380  1439  3
1381  1382  3
1381  1383  2
1381  1385  1
1382  1383  3
1382  1384  2
1382  1386  1
1382  1441  3
1382  1443  3
1383  1384  3
1383  1385  2
1383  1387  1
1384  1385  3
1384  1386  2
1384  1388  1
1384  1443  3
1384  1445  3
1385  1386  3
1385  1387  2
1385  1389  1
1386  1387  3
1386  1388  2
1386  1390  1
1386  1445  3
1386  1447  3
1387  1388  3
1387  1389  2
1387  1391  1
1388  1389  3
1388  1390  2
1388  1392  1
1388  1447  3
1388  1449  3
1389  1390  3
1389  1391  2
1389  1393  1
1390  1391  3
1390  1392  2
1390  1394  1
1390  1449  3
1390  1451  3
1391  1392  3
1391  1393  2
1391  1395  1
1392  1393  3
1392  1394  2
1392  1396  1
1392  1451  3
1392  1453  3
1393  1394  3
1393  1395  2
1393  1397  1
1394  1395  3
1394  1396  2
1394  1398  1
1394  1453  3
1394  1455  3
1395  1396  3
1395  1397  2
1395  1399  1
1396  1397  3
1396  1398  2
1396  1400  1
1396  1455  3
1396  1457  3
1397  1398  3
1397  1399  2
1397  1401  1
1398  1399  3
1398  1400  2
1398  1402  1
1398  1457  3
1398  1459  3
1399  1400  3
1399  1401  2
1399  1403  1
1400  1401  3
1400  1402  2
1400  1404  1
1400  1459  3
1400  1461  3
1401  1402  3
1401  1403  2
1401  1405  1
1402  1403  3
1402  1404  2
1402  1406  1
1402  1461  3
1402  1463  3
1403  1404  3
1403  1405  2
1403  1407  1
1404  1405  3
1404  1406  2
1404  1408  1
1404  1463  3
1404  1465  3
1405  1406  3
1405  1407  2
1405  1409  1
1406  1407  3
1406  1408  2
1406  1410  1
1406  1465  3
1406  1467  3
1407  1408  3
1407  1409  2
1407  1411  1
1408  1409  3
1408  1410  2
1408  1412  1
1408  1467  3
1408  1469  3
1409  1410  3
1409  1411  2
1409  1413  1
1410  1411  3
1410  1412  2
1410  1414  1
1410  1469  3
1410  1471  3
1411  1412  3
1411  1413  2
1411  1415  1
1412  1413  3
1412  1414  2
1412  1416  1
1412  1471  3
1412  1473  3
1413  1414  3
1413  1415  2
1413  1417  1
1414  1415  3
1414  1416  2
1414  1418  1
1414  1473  3
1414  1475  3
1415  1416  3
1415  1417  2
1415  1419  1
1416  1417  3
1416  1418  2
1416  1420  1
1416  1475  3
1416  1477  3
1417  1418  3
1417  1419  2
1417  1421  1
1418  1419  3
1418  1420  2
1418  1422  1
1418  1477  3
1418  1479  3
1419  1420  3
1419  1421  2
1419  1423  1
1420  1421  3
1420  1422  2
1420  1424  1
1420  1479  3
1420  1481  3
1421  1422  3
1421  1423  2
1421  1425  1
1422  1423  3
1422  1424  2
1422  1426  1
1422  1481  3
1422  1483  3
1423  1424  3
1423  1425  2
1423  1427  1
1424  1425  3
1424  1426  2
1424  1428  1
1424  1483  3
1424  1485  3
1425  1426  3
1425  1427  2
1425  1429  1
1426  1427  3
1426  1428  2
1426  1430  1
1426  1485  3
1426  1487  3
1427  1428  3
1427  1429  2
1427  1431  1
1428  1429  3
1428  1430  2
1428  1432  1
1428  1487  3
1428  1489  3
1429  1430  3
1429  1431  2
1429  1433  1
1430  1431  3
1430  1432  2
1430  1434  1
1430  1489  3
1430  1491  3
1431  1432  3
1431  1433  2
1431  1435  1
1432  1433  3
1432  1434  2
1432  1436  1
1432  1491  3
1432  1493  3
1433  1434  3
1433  1435  2
1433  1437  1
1434  1435  3
1434  1436  2
1434  1438  1
1434  1493  3
1434  1495  3
1435  1436  3
1435  1437  2
1435  1439  1
1436  1437  3
1436  1438  2
1436  1440  1
1436  1495  3
1436  1497  3
1437  1438  3
1437  1439  2
1438  1439  3
1438  1440  2
1438  1497  3
1438  1499  3
1439  1440  3
1440  1499  3
1441  1442  3
1441  1443  2
1441  1445  1
1442  1443  3
1442  1444  2
1442  1446  1
1443  1444  3
1443  1445  2
1443  1447  1
1444  1445  3
1444  1446  2
1444  1448  1
1445  1446  3
1445  1447  2
1445  1449  1
1446  1447  3
1446  1448  2
1446  1450  1
1447  1448  3
1447  1449  2
1447  1451  1
1448  1449  3
1448  1450  2
1448  1452  1
1449  1450  3
1449  1451  2
1449  1453  1
1450  1451  3
1450  1452  2
1450  1454  1
1451  1452  3
1451  1453  2
1451  1455  1
1452  1453  3
1452  1454  2
1452  1456  1
1453  1454  3
1453  1455  2
1453  1457  1
1454  1455  3
1454  1456  2
1454  1458  1
1455  1456  3
1455  1457  2
1455  1459  1
1456  1457  3
1456  1458  2
1456  1460  1
1457  1458  3
1457  1459  2
1457  1461  1
1458  1459  3
1458  1460  2
1458  1462  1
1459  1460  3
1459  1461  2
1459  1463  1
1460  1461  3
1460  1462  2
1460  1464  1
1461  1462  3
1461  1463  2
1461  1465  1
1462  1463  3
1462  1464  2
1462  1466  1
1463  1464  3
1463  1465  2
1463  1467  1
1464  1465  3
1464  1466  2
1464  1468  1
1465  1466  3
1465  1467  2
1465  1469  1
1466  1467  3
1466  1468  2
1466  1470  1
1467  1468  3
1467  1469  2
1467  1471  1
1468  1469  3
1468  1470  2
1468  1472  1
1469  1470  3
1469  1471  2
1469  1473  1
1470  1471  3
1470  1472  2
1470  1474  1
1471  1472  3
1471  1473  2
1471  1475  1
1472  1473  3
1472  1474  2
1472  1476  1
1473  1474  3
1473  1475  2
1473  1477  1
1474  1475  3
1474  1476  2
1474  1478  1
1475  1476  3
1475  1477  2
1475  1479  1
1476  1477  3
1476  1478  2
1476  1480  1
1477  1478  3
1477  1479  2
1477  1481  1
1478  1479  3
1478  1480  2
1478  1482  1
1479  1480  3
1479  1481  2
1479  1483  1
1480  1481  3
1480  1482  2
1480  1484  1
1481  1482  3
1481  1483  2
1481  1485  1
1482  1483  3
1482  1484  2
1482  1486  1
1483  1484  3
1483  1485  2
1483  1487  1
1484  1485  3
1484  1486  2
1484  1488  1
1485  1486  3
1485  1487  2
1485  1489  1
1486  1487  3
1486  1488  2
1486  1490  1
1487  1488  3
1487  1489  2
1487  1491  1
1488  1489  3
1488  1490  2
1488  1492  1
1489  1490  3
1489  1491  2
1489  1493  1
1490  1491  3
1490  1492  2
1490  1494  1
1491  1492  3
1491  1493  2
1491  1495  1
1492  1493  3
1492  1494  2
1492  1496  1
1493  1494  3
1493  1495  2
1493  1497  1
1494  1495  3
1494  1496  2
1494  1498  1
1495  1496  3
1495  1497  2
1495  1499  1
1496  1497  3
1496  1498  2
1496  1500  1
1497  1498  3
1497  1499  2
1498  1499  3
1498  1500  2
1499  1500  3
