1500 
1  2  2
1  3  1
2  3  2
2  4  1
2  61  2
2  63  2
3  4  2
3  5  1
4  5  2
4  6  1
4  63  2
4  65  2
5  6  2
5  7  1
6  7  2
6  8  1
6  65  2
6  67  2
7  8  2
7  9  1
8  9  2
8  10  1
8  67  2
8  69  2
9  10  2
9  11  1
10  11  2
10  12  1
10  69  2
10  71  2
11  12  2
11  13  1
12  13  2
12  14  1
12  71  2
12  73  2
13  14  2
13  15  1
14  15  2
14  16  1
14  73  2
14  75  2
15  16  2
15  17  1
16  17  2
16  18  1
16  75  2
16  77  2
17  18  2
17  19  1
18  19  2
18  20  1
18  77  2
18  79  2
19  20  2
19  21  1
20  21  2
20  22  1
20  79  2
20  81  2
21  22  2
21  23  1
22  23  2
22  24  1
22  81  2
22  83  2
23  24  2
23  25  1
24  25  2
24  26  1
24  83  2
24  85  2
25  26  2
25  27  1
26  27  2
26  28  1
26  85  2
26  87  2
27  28  2
27  29  1
28  29  2
28  30  1
28  87  2
28  89  2
29  30  2
29  31  1
30  31  2
30  32  1
30  89  2
30  91  2
31  32  2
31  33  1
32  33  2
32  34  1
32  91  2
32  93  2
33  34  2
33  35  1
34  35  2
34  36  1
34  93  2
34  95  2
35  36  2
35  37  1
36  37  2
36  38  1
36  95  2
36  97  2
37  38  2
37  39  1
38  39  2
38  40  1
38  97  2
38  99  2
39  40  2
39  41  1
40  41  2
40  42  1
40  99  2
40  101  2
41  42  2
41  43  1
42  43  2
42  44  1
42  101  2
42  103  2
43  44  2
43  45  1
44  45  2
44  46  1
44  103  2
44  105  2
45  46  2
45  47  1
46  47  2
46  48  1
46  105  2
46  107  2
47  48  2
47  49  1
48  49  2
48  50  1
48  107  2
48  109  2
49  50  2
49  51  1
50  51  2
50  52  1
50  109  2
50  111  2
51  52  2
51  53  1
52  53  2
52  54  1
52  111  2
52  113  2
53  54  2
53  55  1
54  55  2
54  56  1
54  113  2
54  115  2
55  56  2
55  57  1
56  57  2
56  58  1
56  115  2
56  117  2
57  58  2
57  59  1
58  59  2
58  60  1
58  117  2
58  119  2
59  60  2
60  119  2
61  62  2
61  63  1
62  63  2
62  64  1
62  121  2
62  123  2
63  64  2
63  65  1
64  65  2
64  66  1
64  123  2
64  125  2
65  66  2
65  67  1
66  67  2
66  68  1
66  125  2
66  127  2
67  68  2
67  69  1
68  69  2
68  70  1
68  127  2
68  129  2
69  70  2
69  71  1
70  71  2
70  72  1
70  129  2
70  131  2
71  72  2
71  73  1
72  73  2
72  74  1
72  131  2
72  133  2
73  74  2
73  75  1
74  75  2
74  76  1
74  133  2
74  135  2
75  76  2
75  77  1
76  77  2
76  78  1
76  135  2
76  137  2
77  78  2
77  79  1
78  79  2
78  80  1
78  137  2
78  139  2
79  80  2
79  81  1
80  81  2
80  82  1
80  139  2
80  141  2
81  82  2
81  83  1
82  83  2
82  84  1
82  141  2
82  143  2
83  84  2
83  85  1
84  85  2
84  86  1
84  143  2
84  145  2
85  86  2
85  87  1
86  87  2
86  88  1
86  145  2
86  147  2
87  88  2
87  89  1
88  89  2
88  90  1
88  147  2
88  149  2
89  90  2
89  91  1
90  91  2
90  92  1
90  149  2
90  151  2
91  92  2
91  93  1
92  93  2
92  94  1
92  151  2
92  153  2
93  94  2
93  95  1
94  95  2
94  96  1
94  153  2
94  155  2
95  96  2
95  97  1
96  97  2
96  98  1
96  155  2
96  157  2
97  98  2
97  99  1
98  99  2
98  100  1
98  157  2
98  159  2
99  100  2
99  101  1
100  101  2
100  102  1
100  159  2
100  161  2
101  102  2
101  103  1
102  103  2
102  104  1
102  161  2
102  163  2
103  104  2
103  105  1
104  105  2
104  106  1
104  163  2
104  165  2
105  106  2
105  107  1
106  107  2
106  108  1
106  165  2
106  167  2
107  108  2
107  109  1
108  109  2
108  110  1
108  167  2
108  169  2
109  110  2
109  111  1
110  111  2
110  112  1
110  169  2
110  171  2
111  112  2
111  113  1
112  113  2
112  114  1
112  171  2
112  173  2
113  114  2
113  115  1
114  115  2
114  116  1
114  173  2
114  175  2
115  116  2
115  117  1
116  117  2
116  118  1
116  175  2
116  177  2
117  118  2
117  119  1
118  119  2
118  120  1
118  177  2
118  179  2
119  120  2
120  179  2
121  122  2
121  123  1
122  123  2
122  124  1
122  181  2
122  183  2
123  124  2
123  125  1
124  125  2
124  126  1
124  183  2
124  185  2
125  126  2
125  127  1
126  127  2
126  128  1
126  185  2
126  187  2
127  128  2
127  129  1
128  129  2
128  130  1
128  187  2
128  189  2
129  130  2
129  131  1
130  131  2
130  132  1
130  189  2
130  191  2
131  132  2
131  133  1
132  133  2
132  134  1
132  191  2
132  193  2
133  134  2
133  135  1
134  135  2
134  136  1
134  193  2
134  195  2
135  136  2
135  137  1
136  137  2
136  138  1
136  195  2
136  197  2
137  138  2
137  139  1
138  139  2
138  140  1
138  197  2
138  199  2
139  140  2
139  141  1
140  141  2
140  142  1
140  199  2
140  201  2
141  142  2
141  143  1
142  143  2
142  144  1
142  201  2
142  203  2
143  144  2
143  145  1
144  145  2
144  146  1
144  203  2
144  205  2
145  146  2
145  147  1
146  147  2
146  148  1
146  205  2
146  207  2
147  148  2
147  149  1
148  149  2
148  150  1
148  207  2
148  209  2
149  150  2
149  151  1
150  151  2
150  152  1
150  209  2
150  211  2
151  152  2
151  153  1
152  153  2
152  154  1
152  211  2
152  213  2
153  154  2
153  155  1
154  155  2
154  156  1
154  213  2
154  215  2
155  156  2
155  157  1
156  157  2
156  158  1
156  215  2
156  217  2
157  158  2
157  159  1
158  159  2
158  160  1
158  217  2
158  219  2
159  160  2
159  161  1
160  161  2
160  162  1
160  219  2
160  221  2
161  162  2
161  163  1
162  163  2
162  164  1
162  221  2
162  223  2
163  164  2
163  165  1
164  165  2
164  166  1
164  223  2
164  225  2
165  166  2
165  167  1
166  167  2
166  168  1
166  225  2
166  227  2
167  168  2
167  169  1
168  169  2
168  170  1
168  227  2
168  229  2
169  170  2
169  171  1
170  171  2
170  172  1
170  229  2
170  231  2
171  172  2
171  173  1
172  173  2
172  174  1
172  231  2
172  233  2
173  174  2
173  175  1
174  175  2
174  176  1
174  233  2
174  235  2
175  176  2
175  177  1
176  177  2
176  178  1
176  235  2
176  237  2
177  178  2
177  179  1
178  179  2
178  180  1
178  237  2
178  239  2
179  180  2
180  239  2
181  182  2
181  183  1
182  183  2
182  184  1
182  241  2
182  243  2
183  184  2
183  185  1
184  185  2
184  186  1
184  243  2
184  245  2
185  186  2
185  187  1
186  187  2
186  188  1
186  245  2
186  247  2
187  188  2
187  189  1
188  189  2
188  190  1
188  247  2
188  249  2
189  190  2
189  191  1
190  191  2
190  192  1
190  249  2
190  251  2
191  192  2
191  193  1
192  193  2
192  194  1
192  251  2
192  253  2
193  194  2
193  195  1
194  195  2
194  196  1
194  253  2
194  255  2
195  196  2
195  197  1
196  197  2
196  198  1
196  255  2
196  257  2
197  198  2
197  199  1
198  199  2
198  200  1
198  257  2
198  259  2
199  200  2
199  201  1
200  201  2
200  202  1
200  259  2
200  261  2
201  202  2
201  203  1
202  203  2
202  204  1
202  261  2
202  263  2
203  204  2
203  205  1
204  205  2
204  206  1
204  263  2
204  265  2
205  206  2
205  207  1
206  207  2
206  208  1
206  265  2
206  267  2
207  208  2
207  209  1
208  209  2
208  210  1
208  267  2
208  269  2
209  210  2
209  211  1
210  211  2
210  212  1
210  269  2
210  271  2
211  212  2
211  213  1
212  213  2
212  214  1
212  271  2
212  273  2
213  214  2
213  215  1
214  215  2
214  216  1
214  273  2
214  275  2
215  216  2
215  217  1
216  217  2
216  218  1
216  275  2
216  277  2
217  218  2
217  219  1
218  219  2
218  220  1
218  277  2
218  279  2
219  220  2
219  221  1
220  221  2
220  222  1
220  279  2
220  281  2
221  222  2
221  223  1
222  223  2
222  224  1
222  281  2
222  283  2
223  224  2
223  225  1
224  225  2
224  226  1
224  283  2
224  285  2
225  226  2
225  227  1
226  227  2
226  228  1
226  285  2
226  287  2
227  228  2
227  229  1
228  229  2
228  230  1
228  287  2
228  289  2
229  230  2
229  231  1
230  231  2
230  232  1
230  289  2
230  291  2
231  232  2
231  233  1
232  233  2
232  234  1
232  291  2
232  293  2
233  234  2
233  235  1
234  235  2
234  236  1
234  293  2
234  295  2
235  236  2
235  237  1
236  237  2
236  238  1
236  295  2
236  297  2
237  238  2
237  239  1
238  239  2
238  240  1
238  297  2
238  299  2
239  240  2
240  299  2
241  242  2
241  243  1
242  243  2
242  244  1
242  301  2
242  303  2
243  244  2
243  245  1
244  245  2
244  246  1
244  303  2
244  305  2
245  246  2
245  247  1
246  247  2
246  248  1
246  305  2
246  307  2
247  248  2
247  249  1
248  249  2
248  250  1
248  307  2
248  309  2
249  250  2
249  251  1
250  251  2
250  252  1
250  309  2
250  311  2
251  252  2
251  253  1
252  253  2
252  254  1
252  311  2
252  313  2
253  254  2
253  255  1
254  255  2
254  256  1
254  313  2
254  315  2
255  256  2
255  257  1
256  257  2
256  258  1
256  315  2
256  317  2
257  258  2
257  259  1
258  259  2
258  260  1
258  317  2
258  319  2
259  260  2
259  261  1
260  261  2
260  262  1
260  319  2
260  321  2
261  262  2
261  263  1
262  263  2
262  264  1
262  321  2
262  323  2
263  264  2
263  265  1
264  265  2
264  266  1
264  323  2
264  325  2
265  266  2
265  267  1
266  267  2
266  268  1
266  325  2
266  327  2
267  268  2
267  269  1
268  269  2
268  270  1
268  327  2
268  329  2
269  270  2
269  271  1
270  271  2
270  272  1
270  329  2
270  331  2
271  272  2
271  273  1
272  273  2
272  274  1
272  331  2
272  333  2
273  274  2
273  275  1
274  275  2
274  276  1
274  333  2
274  335  2
275  276  2
275  277  1
276  277  2
276  278  1
276  335  2
276  337  2
277  278  2
277  279  1
278  279  2
278  280  1
278  337  2
278  339  2
279  280  2
279  281  1
280  281  2
280  282  1
280  339  2
280  341  2
281  282  2
281  283  1
282  283  2
282  284  1
282  341  2
282  343  2
283  284  2
283  285  1
284  285  2
284  286  1
284  343  2
284  345  2
285  286  2
285  287  1
286  287  2
286  288  1
286  345  2
286  347  2
287  288  2
287  289  1
288  289  2
288  290  1
288  347  2
288  349  2
289  290  2
289  291  1
290  291  2
290  292  1
290  349  2
290  351  2
291  292  2
291  293  1
292  293  2
292  294  1
292  351  2
292  353  2
293  294  2
293  295  1
294  295  2
294  296  1
294  353  2
294  355  2
295  296  2
295  297  1
296  297  2
296  298  1
296  355  2
296  357  2
297  298  2
297  299  1
298  299  2
298  300  1
298  357  2
298  359  2
299  300  2
300  359  2
301  302  2
301  303  1
302  303  2
302  304  1
302  361  2
302  363  2
303  304  2
303  305  1
304  305  2
304  306  1
304  363  2
304  365  2
305  306  2
305  307  1
306  307  2
306  308  1
306  365  2
306  367  2
307  308  2
307  309  1
308  309  2
308  310  1
308  367  2
308  369  2
309  310  2
309  311  1
310  311  2
310  312  1
310  369  2
310  371  2
311  312  2
311  313  1
312  313  2
312  314  1
312  371  2
312  373  2
313  314  2
313  315  1
314  315  2
314  316  1
314  373  2
314  375  2
315  316  2
315  317  1
316  317  2
316  318  1
316  375  2
316  377  2
317  318  2
317  319  1
318  319  2
318  320  1
318  377  2
318  379  2
319  320  2
319  321  1
320  321  2
320  322  1
320  379  2
320  381  2
321  322  2
321  323  1
322  323  2
322  324  1
322  381  2
322  383  2
323  324  2
323  325  1
324  325  2
324  326  1
324  383  2
324  385  2
325  326  2
325  327  1
326  327  2
326  328  1
326  385  2
326  387  2
327  328  2
327  329  1
328  329  2
328  330  1
328  387  2
328  389  2
329  330  2
329  331  1
330  331  2
330  332  1
330  389  2
330  391  2
331  332  2
331  333  1
332  333  2
332  334  1
332  391  2
332  393  2
333  334  2
333  335  1
334  335  2
334  336  1
334  393  2
334  395  2
335  336  2
335  337  1
336  337  2
336  338  1
336  395  2
336  397  2
337  338  2
337  339  1
338  339  2
338  340  1
338  397  2
338  399  2
339  340  2
339  341  1
340  341  2
340  342  1
340  399  2
340  401  2
341  342  2
341  343  1
342  343  2
342  344  1
342  401  2
342  403  2
343  344  2
343  345  1
344  345  2
344  346  1
344  403  2
344  405  2
345  346  2
345  347  1
346  347  2
346  348  1
346  405  2
346  407  2
347  348  2
347  349  1
348  349  2
348  350  1
348  407  2
348  409  2
349  350  2
349  351  1
350  351  2
350  352  1
350  409  2
350  411  2
351  352  2
351  353  1
352  353  2
352  354  1
352  411  2
352  413  2
353  354  2
353  355  1
354  355  2
354  356  1
354  413  2
354  415  2
355  356  2
355  357  1
356  357  2
356  358  1
356  415  2
356  417  2
357  358  2
357  359  1
358  359  2
358  360  1
358  417  2
358  419  2
359  360  2
360  419  2
361  362  2
361  363  1
362  363  2
362  364  1
362  421  2
362  423  2
363  364  2
363  365  1
364  365  2
364  366  1
364  423  2
364  425  2
365  366  2
365  367  1
366  367  2
366  368  1
366  425  2
366  427  2
367  368  2
367  369  1
368  369  2
368  370  1
368  427  2
368  429  2
369  370  2
369  371  1
370  371  2
370  372  1
370  429  2
370  431  2
371  372  2
371  373  1
372  373  2
372  374  1
372  431  2
372  433  2
373  374  2
373  375  1
374  375  2
374  376  1
374  433  2
374  435  2
375  376  2
375  377  1
376  377  2
376  378  1
376  435  2
376  437  2
377  378  2
377  379  1
378  379  2
378  380  1
378  437  2
378  439  2
379  380  2
379  381  1
380  381  2
380  382  1
380  439  2
380  441  2
381  382  2
381  383  1
382  383  2
382  384  1
382  441  2
382  443  2
383  384  2
383  385  1
384  385  2
384  386  1
384  443  2
384  445  2
385  386  2
385  387  1
386  387  2
386  388  1
386  445  2
386  447  2
387  388  2
387  389  1
388  389  2
388  390  1
388  447  2
388  449  2
389  390  2
389  391  1
390  391  2
390  392  1
390  449  2
390  451  2
391  392  2
391  393  1
392  393  2
392  394  1
392  451  2
392  453  2
393  394  2
393  395  1
394  395  2
394  396  1
394  453  2
394  455  2
395  396  2
395  397  1
396  397  2
396  398  1
396  455  2
396  457  2
397  398  2
397  399  1
398  399  2
398  400  1
398  457  2
398  459  2
399  400  2
399  401  1
400  401  2
400  402  1
400  459  2
400  461  2
401  402  2
401  403  1
402  403  2
402  404  1
402  461  2
402  463  2
403  404  2
403  405  1
404  405  2
404  406  1
404  463  2
404  465  2
405  406  2
405  407  1
406  407  2
406  408  1
406  465  2
406  467  2
407  408  2
407  409  1
408  409  2
408  410  1
408  467  2
408  469  2
409  410  2
409  411  1
410  411  2
410  412  1
410  469  2
410  471  2
411  412  2
411  413  1
412  413  2
412  414  1
412  471  2
412  473  2
413  414  2
413  415  1
414  415  2
414  416  1
414  473  2
414  475  2
415  416  2
415  417  1
416  417  2
416  418  1
416  475  2
416  477  2
417  418  2
417  419  1
418  419  2
418  420  1
418  477  2
418  479  2
419  420  2
420  479  2
421  422  2
421  423  1
422  423  2
422  424  1
422  481  2
422  483  2
423  424  2
423  425  1
424  425  2
424  426  1
424  483  2
424  485  2
425  426  2
425  427  1
426  427  2
426  428  1
426  485  2
426  487  2
427  428  2
427  429  1
428  429  2
428  430  1
428  487  2
428  489  2
429  430  2
429  431  1
430  431  2
430  432  1
430  489  2
430  491  2
431  432  2
431  433  1
432  433  2
432  434  1
432  491  2
432  493  2
433  434  2
433  435  1
434  435  2
434  436  1
434  493  2
434  495  2
435  436  2
435  437  1
436  437  2
436  438  1
436  495  2
436  497  2
437  438  2
437  439  1
438  439  2
438  440  1
438  497  2
438  499  2
439  440  2
439  441  1
440  441  2
440  442  1
440  499  2
440  501  2
441  442  2
441  443  1
442  443  2
442  444  1
442  501  2
442  503  2
443  444  2
443  445  1
444  445  2
444  446  1
444  503  2
444  505  2
445  446  2
445  447  1
446  447  2
446  448  1
446  505  2
446  507  2
447  448  2
447  449  1
448  449  2
448  450  1
448  507  2
448  509  2
449  450  2
449  451  1
450  451  2
450  452  1
450  509  2
450  511  2
451  452  2
451  453  1
452  453  2
452  454  1
452  511  2
452  513  2
453  454  2
453  455  1
454  455  2
454  456  1
454  513  2
454  515  2
455  456  2
455  457  1
456  457  2
456  458  1
456  515  2
456  517  2
457  458  2
457  459  1
458  459  2
458  460  1
458  517  2
458  519  2
459  460  2
459  461  1
460  461  2
460  462  1
460  519  2
460  521  2
461  462  2
461  463  1
462  463  2
462  464  1
462  521  2
462  523  2
463  464  2
463  465  1
464  465  2
464  466  1
464  523  2
464  525  2
465  466  2
465  467  1
466  467  2
466  468  1
466  525  2
466  527  2
467  468  2
467  469  1
468  469  2
468  470  1
468  527  2
468  529  2
469  470  2
469  471  1
470  471  2
470  472  1
470  529  2
470  531  2
471  472  2
471  473  1
472  473  2
472  474  1
472  531  2
472  533  2
473  474  2
473  475  1
474  475  2
474  476  1
474  533  2
474  535  2
475  476  2
475  477  1
476  477  2
476  478  1
476  535  2
476  537  2
477  478  2
477  479  1
478  479  2
478  480  1
478  537  2
478  539  2
479  480  2
480  539  2
481  482  2
481  483  1
482  483  2
482  484  1
482  541  2
482  543  2
483  484  2
483  485  1
484  485  2
484  486  1
484  543  2
484  545  2
485  486  2
485  487  1
486  487  2
486  488  1
486  545  2
486  547  2
487  488  2
487  489  1
488  489  2
488  490  1
488  547  2
488  549  2
489  490  2
489  491  1
490  491  2
490  492  1
490  549  2
490  551  2
491  492  2
491  493  1
492  493  2
492  494  1
492  551  2
492  553  2
493  494  2
493  495  1
494  495  2
494  496  1
494  553  2
494  555  2
495  496  2
495  497  1
496  497  2
496  498  1
496  555  2
496  557  2
497  498  2
497  499  1
498  499  2
498  500  1
498  557  2
498  559  2
499  500  2
499  501  1
500  501  2
500  502  1
500  559  2
500  561  2
501  502  2
501  503  1
502  503  2
502  504  1
502  561  2
502  563  2
503  504  2
503  505  1
504  505  2
504  506  1
504  563  2
504  565  2
505  506  2
505  507  1
506  507  2
506  508  1
506  565  2
506  567  2
507  508  2
507  509  1
508  509  2
508  510  1
508  567  2
508  569  2
509  510  2
509  511  1
510  511  2
510  512  1
510  569  2
510  571  2
511  512  2
511  513  1
512  513  2
512  514  1
512  571  2
512  573  2
513  514  2
513  515  1
514  515  2
514  516  1
514  573  2
514  575  2
515  516  2
515  517  1
516  517  2
516  518  1
516  575  2
516  577  2
517  518  2
517  519  1
518  519  2
518  520  1
518  577  2
518  579  2
519  520  2
519  521  1
520  521  2
520  522  1
520  579  2
520  581  2
521  522  2
521  523  1
522  523  2
522  524  1
522  581  2
522  583  2
523  524  2
523  525  1
524  525  2
524  526  1
524  583  2
524  585  2
525  526  2
525  527  1
526  527  2
526  528  1
526  585  2
526  587  2
527  528  2
527  529  1
528  529  2
528  530  1
528  587  2
528  589  2
529  530  2
529  531  1
530  531  2
530  532  1
530  589  2
530  591  2
531  532  2
531  533  1
532  533  2
532  534  1
532  591  2
532  593  2
533  534  2
533  535  1
534  535  2
534  536  1
534  593  2
534  595  2
535  536  2
535  537  1
536  537  2
536  538  1
536  595  2
536  597  2
537  538  2
537  539  1
538  539  2
538  540  1
538  597  2
538  599  2
539  540  2
540  599  2
541  542  2
541  543  1
542  543  2
542  544  1
542  601  2
542  603  2
543  544  2
543  545  1
544  545  2
544  546  1
544  603  2
544  605  2
545  546  2
545  547  1
546  547  2
546  548  1
546  605  2
546  607  2
547  548  2
547  549  1
548  549  2
548  550  1
548  607  2
548  609  2
549  550  2
549  551  1
550  551  2
550  552  1
550  609  2
550  611  2
551  552  2
551  553  1
552  553  2
552  554  1
552  611  2
552  613  2
553  554  2
553  555  1
554  555  2
554  556  1
554  613  2
554  615  2
555  556  2
555  557  1
556  557  2
556  558  1
556  615  2
556  617  2
557  558  2
557  559  1
558  559  2
558  560  1
558  617  2
558  619  2
559  560  2
559  561  1
560  561  2
560  562  1
560  619  2
560  621  2
561  562  2
561  563  1
562  563  2
562  564  1
562  621  2
562  623  2
563  564  2
563  565  1
564  565  2
564  566  1
564  623  2
564  625  2
565  566  2
565  567  1
566  567  2
566  568  1
566  625  2
566  627  2
567  568  2
567  569  1
568  569  2
568  570  1
568  627  2
568  629  2
569  570  2
569  571  1
570  571  2
570  572  1
570  629  2
570  631  2
571  572  2
571  573  1
572  573  2
572  574  1
572  631  2
572  633  2
573  574  2
573  575  1
574  575  2
574  576  1
574  633  2
574  635  2
575  576  2
575  577  1
576  577  2
576  578  1
576  635  2
576  637  2
577  578  2
577  579  1
578  579  2
578  580  1
578  637  2
578  639  2
579  580  2
579  581  1
580  581  2
580  582  1
580  639  2
580  641  2
581  582  2
581  583  1
582  583  2
582  584  1
582  641  2
582  643  2
583  584  2
583  585  1
584  585  2
584  586  1
584  643  2
584  645  2
585  586  2
585  587  1
586  587  2
586  588  1
586  645  2
586  647  2
587  588  2
587  589  1
588  589  2
588  590  1
588  647  2
588  649  2
589  590  2
589  591  1
590  591  2
590  592  1
590  649  2
590  651  2
591  592  2
591  593  1
592  593  2
592  594  1
592  651  2
592  653  2
593  594  2
593  595  1
594  595  2
594  596  1
594  653  2
594  655  2
595  596  2
595  597  1
596  597  2
596  598  1
596  655  2
596  657  2
597  598  2
597  599  1
598  599  2
598  600  1
598  657  2
598  659  2
599  600  2
600  659  2
601  602  2
601  603  1
602  603  2
602  604  1
602  661  2
602  663  2
603  604  2
603  605  1
604  605  2
604  606  1
604  663  2
604  665  2
605  606  2
605  607  1
606  607  2
606  608  1
606  665  2
606  667  2
607  608  2
607  609  1
608  609  2
608  610  1
608  667  2
608  669  2
609  610  2
609  611  1
610  611  2
610  612  1
610  669  2
610  671  2
611  612  2
611  613  1
612  613  2
612  614  1
612  671  2
612  673  2
613  614  2
613  615  1
614  615  2
614  616  1
614  673  2
614  675  2
615  616  2
615  617  1
616  617  2
616  618  1
616  675  2
616  677  2
617  618  2
617  619  1
618  619  2
618  620  1
618  677  2
618  679  2
619  620  2
619  621  1
620  621  2
620  622  1
620  679  2
620  681  2
621  622  2
621  623  1
622  623  2
622  624  1
622  681  2
622  683  2
623  624  2
623  625  1
624  625  2
624  626  1
624  683  2
624  685  2
625  626  2
625  627  1
626  627  2
626  628  1
626  685  2
626  687  2
627  628  2
627  629  1
628  629  2
628  630  1
628  687  2
628  689  2
629  630  2
629  631  1
630  631  2
630  632  1
630  689  2
630  691  2
631  632  2
631  633  1
632  633  2
632  634  1
632  691  2
632  693  2
633  634  2
633  635  1
634  635  2
634  636  1
634  693  2
634  695  2
635  636  2
635  637  1
636  637  2
636  638  1
636  695  2
636  697  2
637  638  2
637  639  1
638  639  2
638  640  1
638  697  2
638  699  2
639  640  2
639  641  1
640  641  2
640  642  1
640  699  2
640  701  2
641  642  2
641  643  1
642  643  2
642  644  1
642  701  2
642  703  2
643  644  2
643  645  1
644  645  2
644  646  1
644  703  2
644  705  2
645  646  2
645  647  1
646  647  2
646  648  1
646  705  2
646  707  2
647  648  2
647  649  1
648  649  2
648  650  1
648  707  2
648  709  2
649  650  2
649  651  1
650  651  2
650  652  1
650  709  2
650  711  2
651  652  2
651  653  1
652  653  2
652  654  1
652  711  2
652  713  2
653  654  2
653  655  1
654  655  2
654  656  1
654  713  2
654  715  2
655  656  2
655  657  1
656  657  2
656  658  1
656  715  2
656  717  2
657  658  2
657  659  1
658  659  2
658  660  1
658  717  2
658  719  2
659  660  2
660  719  2
661  662  2
661  663  1
662  663  2
662  664  1
662  721  2
662  723  2
663  664  2
663  665  1
664  665  2
664  666  1
664  723  2
664  725  2
665  666  2
665  667  1
666  667  2
666  668  1
666  725  2
666  727  2
667  668  2
667  669  1
668  669  2
668  670  1
668  727  2
668  729  2
669  670  2
669  671  1
670  671  2
670  672  1
670  729  2
670  731  2
671  672  2
671  673  1
672  673  2
672  674  1
672  731  2
672  733  2
673  674  2
673  675  1
674  675  2
674  676  1
674  733  2
674  735  2
675  676  2
675  677  1
676  677  2
676  678  1
676  735  2
676  737  2
677  678  2
677  679  1
678  679  2
678  680  1
678  737  2
678  739  2
679  680  2
679  681  1
680  681  2
680  682  1
680  739  2
680  741  2
681  682  2
681  683  1
682  683  2
682  684  1
682  741  2
682  743  2
683  684  2
683  685  1
684  685  2
684  686  1
684  743  2
684  745  2
685  686  2
685  687  1
686  687  2
686  688  1
686  745  2
686  747  2
687  688  2
687  689  1
688  689  2
688  690  1
688  747  2
688  749  2
689  690  2
689  691  1
690  691  2
690  692  1
690  749  2
690  751  2
691  692  2
691  693  1
692  693  2
692  694  1
692  751  2
692  753  2
693  694  2
693  695  1
694  695  2
694  696  1
694  753  2
694  755  2
695  696  2
695  697  1
696  697  2
696  698  1
696  755  2
696  757  2
697  698  2
697  699  1
698  699  2
698  700  1
698  757  2
698  759  2
699  700  2
699  701  1
700  701  2
700  702  1
700  759  2
700  761  2
701  702  2
701  703  1
702  703  2
702  704  1
702  761  2
702  763  2
703  704  2
703  705  1
704  705  2
704  706  1
704  763  2
704  765  2
705  706  2
705  707  1
706  707  2
706  708  1
706  765  2
706  767  2
707  708  2
707  709  1
708  709  2
708  710  1
708  767  2
708  769  2
709  710  2
709  711  1
710  711  2
710  712  1
710  769  2
710  771  2
711  712  2
711  713  1
712  713  2
712  714  1
712  771  2
712  773  2
713  714  2
713  715  1
714  715  2
714  716  1
714  773  2
714  775  2
715  716  2
715  717  1
716  717  2
716  718  1
716  775  2
716  777  2
717  718  2
717  719  1
718  719  2
718  720  1
718  777  2
718  779  2
719  720  2
720  779  2
721  722  2
721  723  1
722  723  2
722  724  1
722  781  2
722  783  2
723  724  2
723  725  1
724  725  2
724  726  1
724  783  2
724  785  2
725  726  2
725  727  1
726  727  2
726  728  1
726  785  2
726  787  2
727  728  2
727  729  1
728  729  2
728  730  1
728  787  2
728  789  2
729  730  2
729  731  1
730  731  2
730  732  1
730  789  2
730  791  2
731  732  2
731  733  1
732  733  2
732  734  1
732  791  2
732  793  2
733  734  2
733  735  1
734  735  2
734  736  1
734  793  2
734  795  2
735  736  2
735  737  1
736  737  2
736  738  1
736  795  2
736  797  2
737  738  2
737  739  1
738  739  2
738  740  1
738  797  2
738  799  2
739  740  2
739  741  1
740  741  2
740  742  1
740  799  2
740  801  2
741  742  2
741  743  1
742  743  2
742  744  1
742  801  2
742  803  2
743  744  2
743  745  1
744  745  2
744  746  1
744  803  2
744  805  2
745  746  2
745  747  1
746  747  2
746  748  1
746  805  2
746  807  2
747  748  2
747  749  1
748  749  2
748  750  1
748  807  2
748  809  2
749  750  2
749  751  1
750  751  2
750  752  1
750  809  2
750  811  2
751  752  2
751  753  1
752  753  2
752  754  1
752  811  2
752  813  2
753  754  2
753  755  1
754  755  2
754  756  1
754  813  2
754  815  2
755  756  2
755  757  1
756  757  2
756  758  1
756  815  2
756  817  2
757  758  2
757  759  1
758  759  2
758  760  1
758  817  2
758  819  2
759  760  2
759  761  1
760  761  2
760  762  1
760  819  2
760  821  2
761  762  2
761  763  1
762  763  2
762  764  1
762  821  2
762  823  2
763  764  2
763  765  1
764  765  2
764  766  1
764  823  2
764  825  2
765  766  2
765  767  1
766  767  2
766  768  1
766  825  2
766  827  2
767  768  2
767  769  1
768  769  2
768  770  1
768  827  2
768  829  2
769  770  2
769  771  1
770  771  2
770  772  1
770  829  2
770  831  2
771  772  2
771  773  1
772  773  2
772  774  1
772  831  2
772  833  2
773  774  2
773  775  1
774  775  2
774  776  1
774  833  2
774  835  2
775  776  2
775  777  1
776  777  2
776  778  1
776  835  2
776  837  2
777  778  2
777  779  1
778  779  2
778  780  1
778  837  2
778  839  2
779  780  2
780  839  2
781  782  2
781  783  1
782  783  2
782  784  1
782  841  2
782  843  2
783  784  2
783  785  1
784  785  2
784  786  1
784  843  2
784  845  2
785  786  2
785  787  1
786  787  2
786  788  1
786  845  2
786  847  2
787  788  2
787  789  1
788  789  2
788  790  1
788  847  2
788  849  2
789  790  2
789  791  1
790  791  2
790  792  1
790  849  2
790  851  2
791  792  2
791  793  1
792  793  2
792  794  1
792  851  2
792  853  2
793  794  2
793  795  1
794  795  2
794  796  1
794  853  2
794  855  2
795  796  2
795  797  1
796  797  2
796  798  1
796  855  2
796  857  2
797  798  2
797  799  1
798  799  2
798  800  1
798  857  2
798  859  2
799  800  2
799  801  1
800  801  2
800  802  1
800  859  2
800  861  2
801  802  2
801  803  1
802  803  2
802  804  1
802  861  2
802  863  2
803  804  2
803  805  1
804  805  2
804  806  1
804  863  2
804  865  2
805  806  2
805  807  1
806  807  2
806  808  1
806  865  2
806  867  2
807  808  2
807  809  1
808  809  2
808  810  1
808  867  2
808  869  2
809  810  2
809  811  1
810  811  2
810  812  1
810  869  2
810  871  2
811  812  2
811  813  1
812  813  2
812  814  1
812  871  2
812  873  2
813  814  2
813  815  1
814  815  2
814  816  1
814  873  2
814  875  2
815  816  2
815  817  1
816  817  2
816  818  1
816  875  2
816  877  2
817  818  2
817  819  1
818  819  2
818  820  1
818  877  2
818  879  2
819  820  2
819  821  1
820  821  2
820  822  1
820  879  2
820  881  2
821  822  2
821  823  1
822  823  2
822  824  1
822  881  2
822  883  2
823  824  2
823  825  1
824  825  2
824  826  1
824  883  2
824  885  2
825  826  2
825  827  1
826  827  2
826  828  1
826  885  2
826  887  2
827  828  2
827  829  1
828  829  2
828  830  1
828  887  2
828  889  2
829  830  2
829  831  1
830  831  2
830  832  1
830  889  2
830  891  2
831  832  2
831  833  1
832  833  2
832  834  1
832  891  2
832  893  2
833  834  2
833  835  1
834  835  2
834  836  1
834  893  2
834  895  2
835  836  2
835  837  1
836  837  2
836  838  1
836  895  2
836  897  2
837  838  2
837  839  1
838  839  2
838  840  1
838  897  2
838  899  2
839  840  2
840  899  2
841  842  2
841  843  1
842  843  2
842  844  1
842  901  2
842  903  2
843  844  2
843  845  1
844  845  2
844  846  1
844  903  2
844  905  2
845  846  2
845  847  1
846  847  2
846  848  1
846  905  2
846  907  2
847  848  2
847  849  1
848  849  2
848  850  1
848  907  2
848  909  2
849  850  2
849  851  1
850  851  2
850  852  1
850  909  2
850  911  2
851  852  2
851  853  1
852  853  2
852  854  1
852  911  2
852  913  2
853  854  2
853  855  1
854  855  2
854  856  1
854  913  2
854  915  2
855  856  2
855  857  1
856  857  2
856  858  1
856  915  2
856  917  2
857  858  2
857  859  1
858  859  2
858  860  1
858  917  2
858  919  2
859  860  2
859  861  1
860  861  2
860  862  1
860  919  2
860  921  2
861  862  2
861  863  1
862  863  2
862  864  1
862  921  2
862  923  2
863  864  2
863  865  1
864  865  2
864  866  1
864  923  2
864  925  2
865  866  2
865  867  1
866  867  2
866  868  1
866  925  2
866  927  2
867  868  2
867  869  1
868  869  2
868  870  1
868  927  2
868  929  2
869  870  2
869  871  1
870  871  2
870  872  1
870  929  2
870  931  2
871  872  2
871  873  1
872  873  2
872  874  1
872  931  2
872  933  2
873  874  2
873  875  1
874  875  2
874  876  1
874  933  2
874  935  2
875  876  2
875  877  1
876  877  2
876  878  1
876  935  2
876  937  2
877  878  2
877  879  1
878  879  2
878  880  1
878  937  2
878  939  2
879  880  2
879  881  1
880  881  2
880  882  1
880  939  2
880  941  2
881  882  2
881  883  1
882  883  2
882  884  1
882  941  2
882  943  2
883  884  2
883  885  1
884  885  2
884  886  1
884  943  2
884  945  2
885  886  2
885  887  1
886  887  2
886  888  1
886  945  2
886  947  2
887  888  2
887  889  1
888  889  2
888  890  1
888  947  2
888  949  2
889  890  2
889  891  1
890  891  2
890  892  1
890  949  2
890  951  2
891  892  2
891  893  1
892  893  2
892  894  1
892  951  2
892  953  2
893  894  2
893  895  1
894  895  2
894  896  1
894  953  2
894  955  2
895  896  2
895  897  1
896  897  2
896  898  1
896  955  2
896  957  2
897  898  2
897  899  1
898  899  2
898  900  1
898  957  2
898  959  2
899  900  2
900  959  2
901  902  2
901  903  1
902  903  2
902  904  1
902  961  2
902  963  2
903  904  2
903  905  1
904  905  2
904  906  1
904  963  2
904  965  2
905  906  2
905  907  1
906  907  2
906  908  1
906  965  2
906  967  2
907  908  2
907  909  1
908  909  2
908  910  1
908  967  2
908  969  2
909  910  2
909  911  1
910  911  2
910  912  1
910  969  2
910  971  2
911  912  2
911  913  1
912  913  2
912  914  1
912  971  2
912  973  2
913  914  2
913  915  1
914  915  2
914  916  1
914  973  2
914  975  2
915  916  2
915  917  1
916  917  2
916  918  1
916  975  2
916  977  2
917  918  2
917  919  1
918  919  2
918  920  1
918  977  2
918  979  2
919  920  2
919  921  1
920  921  2
920  922  1
920  979  2
920  981  2
921  922  2
921  923  1
922  923  2
922  924  1
922  981  2
922  983  2
923  924  2
923  925  1
924  925  2
924  926  1
924  983  2
924  985  2
925  926  2
925  927  1
926  927  2
926  928  1
926  985  2
926  987  2
927  928  2
927  929  1
928  929  2
928  930  1
928  987  2
928  989  2
929  930  2
929  931  1
930  931  2
930  932  1
930  989  2
930  991  2
931  932  2
931  933  1
932  933  2
932  934  1
932  991  2
932  993  2
933  934  2
933  935  1
934  935  2
934  936  1
934  993  2
934  995  2
935  936  2
935  937  1
936  937  2
936  938  1
936  995  2
936  997  2
937  938  2
937  939  1
938  939  2
938  940  1
938  997  2
938  999  2
939  940  2
939  941  1
940  941  2
940  942  1
940  999  2
940  1001  2
941  942  2
941  943  1
942  943  2
942  944  1
942  1001  2
942  1003  2
943  944  2
943  945  1
944  945  2
944  946  1
944  1003  2
944  1005  2
945  946  2
945  947  1
946  947  2
946  948  1
946  1005  2
946  1007  2
947  948  2
947  949  1
948  949  2
948  950  1
948  1007  2
948  1009  2
949  950  2
949  951  1
950  951  2
950  952  1
950  1009  2
950  1011  2
951  952  2
951  953  1
952  953  2
952  954  1
952  1011  2
952  1013  2
953  954  2
953  955  1
954  955  2
954  956  1
954  1013  2
954  1015  2
955  956  2
955  957  1
956  957  2
956  958  1
956  1015  2
956  1017  2
957  958  2
957  959  1
958  959  2
958  960  1
958  1017  2
958  1019  2
959  960  2
960  1019  2
961  962  2
961  963  1
962  963  2
962  964  1
962  1021  2
962  1023  2
963  964  2
963  965  1
964  965  2
964  966  1
964  1023  2
964  1025  2
965  966  2
965  967  1
966  967  2
966  968  1
966  1025  2
966  1027  2
967  968  2
967  969  1
968  969  2
968  970  1
968  1027  2
968  1029  2
969  970  2
969  971  1
970  971  2
970  972  1
970  1029  2
970  1031  2
971  972  2
971  973  1
972  973  2
972  974  1
972  1031  2
972  1033  2
973  974  2
973  975  1
974  975  2
974  976  1
974  1033  2
974  1035  2
975  976  2
975  977  1
976  977  2
976  978  1
976  1035  2
976  1037  2
977  978  2
977  979  1
978  979  2
978  980  1
978  1037  2
978  1039  2
979  980  2
979  981  1
980  981  2
980  982  1
980  1039  2
980  1041  2
981  982  2
981  983  1
982  983  2
982  984  1
982  1041  2
982  1043  2
983  984  2
983  985  1
984  985  2
984  986  1
984  1043  2
984  1045  2
985  986  2
985  987  1
986  987  2
986  988  1
986  1045  2
986  1047  2
987  988  2
987  989  1
988  989  2
988  990  1
988  1047  2
988  1049  2
989  990  2
989  991  1
990  991  2
990  992  1
990  1049  2
990  1051  2
991  992  2
991  993  1
992  993  2
992  994  1
992  1051  2
992  1053  2
993  994  2
993  995  1
994  995  2
994  996  1
994  1053  2
994  1055  2
995  996  2
995  997  1
996  997  2
996  998  1
996  1055  2
996  1057  2
997  998  2
997  999  1
998  999  2
998  1000  1
998  1057  2
998  1059  2
999  1000  2
999  1001  1
1000  1001  2
1000  1002  1
1000  1059  2
1000  1061  2
1001  1002  2
1001  1003  1
1002  1003  2
1002  1004  1
1002  1061  2
1002  1063  2
1003  1004  2
1003  1005  1
1004  1005  2
1004  1006  1
1004  1063  2
1004  1065  2
1005  1006  2
1005  1007  1
1006  1007  2
1006  1008  1
1006  1065  2
1006  1067  2
1007  1008  2
1007  1009  1
1008  1009  2
1008  1010  1
1008  1067  2
1008  1069  2
1009  1010  2
1009  1011  1
1010  1011  2
1010  1012  1
1010  1069  2
1010  1071  2
1011  1012  2
1011  1013  1
1012  1013  2
1012  1014  1
1012  1071  2
1012  1073  2
1013  1014  2
1013  1015  1
1014  1015  2
1014  1016  1
1014  1073  2
1014  1075  2
1015  1016  2
1015  1017  1
1016  1017  2
1016  1018  1
1016  1075  2
1016  1077  2
1017  1018  2
1017  1019  1
1018  1019  2
1018  1020  1
1018  1077  2
1018  1079  2
1019  1020  2
1020  1079  2
1021  1022  2
1021  1023  1
1022  1023  2
1022  1024  1
1022  1081  2
1022  1083  2
1023  1024  2
1023  1025  1
1024  1025  2
1024  1026  1
1024  1083  2
1024  1085  2
1025  1026  2
1025  1027  1
1026  1027  2
1026  1028  1
1026  1085  2
1026  1087  2
1027  1028  2
1027  1029  1
1028  1029  2
1028  1030  1
1028  1087  2
1028  1089  2
1029  1030  2
1029  1031  1
1030  1031  2
1030  1032  1
1030  1089  2
1030  1091  2
1031  1032  2
1031  1033  1
1032  1033  2
1032  1034  1
1032  1091  2
1032  1093  2
1033  1034  2
1033  1035  1
1034  1035  2
1034  1036  1
1034  1093  2
1034  1095  2
1035  1036  2
1035  1037  1
1036  1037  2
1036  1038  1
1036  1095  2
1036  1097  2
1037  1038  2
1037  1039  1
1038  1039  2
1038  1040  1
1038  1097  2
1038  1099  2
1039  1040  2
1039  1041  1
1040  1041  2
1040  1042  1
1040  1099  2
1040  1101  2
1041  1042  2
1041  1043  1
1042  1043  2
1042  1044  1
1042  1101  2
1042  1103  2
1043  1044  2
1043  1045  1
1044  1045  2
1044  1046  1
1044  1103  2
1044  1105  2
1045  1046  2
1045  1047  1
1046  1047  2
1046  1048  1
1046  1105  2
1046  1107  2
1047  1048  2
1047  1049  1
1048  1049  2
1048  1050  1
1048  1107  2
1048  1109  2
1049  1050  2
1049  1051  1
1050  1051  2
1050  1052  1
1050  1109  2
1050  1111  2
1051  1052  2
1051  1053  1
1052  1053  2
1052  1054  1
1052  1111  2
1052  1113  2
1053  1054  2
1053  1055  1
1054  1055  2
1054  1056  1
1054  1113  2
1054  1115  2
1055  1056  2
1055  1057  1
1056  1057  2
1056  1058  1
1056  1115  2
1056  1117  2
1057  1058  2
1057  1059  1
1058  1059  2
1058  1060  1
1058  1117  2
1058  1119  2
1059  1060  2
1059  1061  1
1060  1061  2
1060  1062  1
1060  1119  2
1060  1121  2
1061  1062  2
1061  1063  1
1062  1063  2
1062  1064  1
1062  1121  2
1062  1123  2
1063  1064  2
1063  1065  1
1064  1065  2
1064  1066  1
1064  1123  2
1064  1125  2
1065  1066  2
1065  1067  1
1066  1067  2
1066  1068  1
1066  1125  2
1066  1127  2
1067  1068  2
1067  1069  1
1068  1069  2
1068  1070  1
1068  1127  2
1068  1129  2
1069  1070  2
1069  1071  1
1070  1071  2
1070  1072  1
1070  1129  2
1070  1131  2
1071  1072  2
1071  1073  1
1072  1073  2
1072  1074  1
1072  1131  2
1072  1133  2
1073  1074  2
1073  1075  1
1074  1075  2
1074  1076  1
1074  1133  2
1074  1135  2
1075  1076  2
1075  1077  1
1076  1077  2
1076  1078  1
1076  1135  2
1076  1137  2
1077  1078  2
1077  1079  1
1078  1079  2
1078  1080  1
1078  1137  2
1078  1139  2
1079  1080  2
1080  1139  2
1081  1082  2
1081  1083  1
1082  1083  2
1082  1084  1
1082  1141  2
1082  1143  2
1083  1084  2
1083  1085  1
1084  1085  2
1084  1086  1
1084  1143  2
1084  1145  2
1085  1086  2
1085  1087  1
1086  1087  2
1086  1088  1
1086  1145  2
1086  1147  2
1087  1088  2
1087  1089  1
1088  1089  2
1088  1090  1
1088  1147  2
1088  1149  2
1089  1090  2
1089  1091  1
1090  1091  2
1090  1092  1
1090  1149  2
1090  1151  2
1091  1092  2
1091  1093  1
1092  1093  2
1092  1094  1
1092  1151  2
1092  1153  2
1093  1094  2
1093  1095  1
1094  1095  2
1094  1096  1
1094  1153  2
1094  1155  2
1095  1096  2
1095  1097  1
1096  1097  2
1096  1098  1
1096  1155  2
1096  1157  2
1097  1098  2
1097  1099  1
1098  1099  2
1098  1100  1
1098  1157  2
1098  1159  2
1099  1100  2
1099  1101  1
1100  1101  2
1100  1102  1
1100  1159  2
1100  1161  2
1101  1102  2
1101  1103  1
1102  1103  2
1102  1104  1
1102  1161  2
1102  1163  2
1103  1104  2
1103  1105  1
1104  1105  2
1104  1106  1
1104  1163  2
1104  1165  2
1105  1106  2
1105  1107  1
1106  1107  2
1106  1108  1
1106  1165  2
1106  1167  2
1107  1108  2
1107  1109  1
1108  1109  2
1108  1110  1
1108  1167  2
1108  1169  2
1109  1110  2
1109  1111  1
1110  1111  2
1110  1112  1
1110  1169  2
1110  1171  2
1111  1112  2
1111  1113  1
1112  1113  2
1112  1114  1
1112  1171  2
1112  1173  2
1113  1114  2
1113  1115  1
1114  1115  2
1114  1116  1
1114  1173  2
1114  1175  2
1115  1116  2
1115  1117  1
1116  1117  2
1116  1118  1
1116  1175  2
1116  1177  2
1117  1118  2
1117  1119  1
1118  1119  2
1118  1120  1
1118  1177  2
1118  1179  2
1119  1120  2
1119  1121  1
1120  1121  2
1120  1122  1
1120  1179  2
1120  1181  2
1121  1122  2
1121  1123  1
1122  1123  2
1122  1124  1
1122  1181  2
1122  1183  2
1123  1124  2
1123  1125  1
1124  1125  2
1124  1126  1
1124  1183  2
1124  1185  2
1125  1126  2
1125  1127  1
1126  1127  2
1126  1128  1
1126  1185  2
1126  1187  2
1127  1128  2
1127  1129  1
1128  1129  2
1128  1130  1
1128  1187  2
1128  1189  2
1129  1130  2
1129  1131  1
1130  1131  2
1130  1132  1
1130  1189  2
1130  1191  2
1131  1132  2
1131  1133  1
1132  1133  2
1132  1134  1
1132  1191  2
1132  1193  2
1133  1134  2
1133  1135  1
1134  1135  2
1134  1136  1
1134  1193  2
1134  1195  2
1135  1136  2
1135  1137  1
1136  1137  2
1136  1138  1
1136  1195  2
1136  1197  2
1137  1138  2
1137  1139  1
1138  1139  2
1138  1140  1
1138  1197  2
1138  1199  2
1139  1140  2
1140  1199  2
1141  1142  2
1141  1143  1
1142  1143  2
1142  1144  1
1142  1201  2
1142  1203  2
1143  1144  2
1143  1145  1
1144  1145  2
1144  1146  1
1144  1203  2
1144  1205  2
1145  1146  2
1145  1147  1
1146  1147  2
1146  1148  1
1146  1205  2
1146  1207  2
1147  1148  2
1147  1149  1
1148  1149  2
1148  1150  1
1148  1207  2
1148  1209  2
1149  1150  2
1149  1151  1
1150  1151  2
1150  1152  1
1150  1209  2
1150  1211  2
1151  1152  2
1151  1153  1
1152  1153  2
1152  1154  1
1152  1211  2
1152  1213  2
1153  1154  2
1153  1155  1
1154  1155  2
1154  1156  1
1154  1213  2
1154  1215  2
1155  1156  2
1155  1157  1
1156  1157  2
1156  1158  1
1156  1215  2
1156  1217  2
1157  1158  2
1157  1159  1
1158  1159  2
1158  1160  1
1158  1217  2
1158  1219  2
1159  1160  2
1159  1161  1
1160  1161  2
1160  1162  1
1160  1219  2
1160  1221  2
1161  1162  2
1161  1163  1
1162  1163  2
1162  1164  1
1162  1221  2
1162  1223  2
1163  1164  2
1163  1165  1
1164  1165  2
1164  1166  1
1164  1223  2
1164  1225  2
1165  1166  2
1165  1167  1
1166  1167  2
1166  1168  1
1166  1225  2
1166  1227  2
1167  1168  2
1167  1169  1
1168  1169  2
1168  1170  1
1168  1227  2
1168  1229  2
1169  1170  2
1169  1171  1
1170  1171  2
1170  1172  1
1170  1229  2
1170  1231  2
1171  1172  2
1171  1173  1
1172  1173  2
1172  1174  1
1172  1231  2
1172  1233  2
1173  1174  2
1173  1175  1
1174  1175  2
1174  1176  1
1174  1233  2
1174  1235  2
1175  1176  2
1175  1177  1
1176  1177  2
1176  1178  1
1176  1235  2
1176  1237  2
1177  1178  2
1177  1179  1
1178  1179  2
1178  1180  1
1178  1237  2
1178  1239  2
1179  1180  2
1179  1181  1
1180  1181  2
1180  1182  1
1180  1239  2
1180  1241  2
1181  1182  2
1181  1183  1
1182  1183  2
1182  1184  1
1182  1241  2
1182  1243  2
1183  1184  2
1183  1185  1
1184  1185  2
1184  1186  1
1184  1243  2
1184  1245  2
1185  1186  2
1185  1187  1
1186  1187  2
1186  1188  1
1186  1245  2
1186  1247  2
1187  1188  2
1187  1189  1
1188  1189  2
1188  1190  1
1188  1247  2
1188  1249  2
1189  1190  2
1189  1191  1
1190  1191  2
1190  1192  1
1190  1249  2
1190  1251  2
1191  1192  2
1191  1193  1
1192  1193  2
1192  1194  1
1192  1251  2
1192  1253  2
1193  1194  2
1193  1195  1
1194  1195  2
1194  1196  1
1194  1253  2
1194  1255  2
1195  1196  2
1195  1197  1
1196  1197  2
1196  1198  1
1196  1255  2
1196  1257  2
1197  1198  2
1197  1199  1
1198  1199  2
1198  1200  1
1198  1257  2
1198  1259  2
1199  1200  2
1200  1259  2
1201  1202  2
1201  1203  1
1202  1203  2
1202  1204  1
1202  1261  2
1202  1263  2
1203  1204  2
1203  1205  1
1204  1205  2
1204  1206  1
1204  1263  2
1204  1265  2
1205  1206  2
1205  1207  1
1206  1207  2
1206  1208  1
1206  1265  2
1206  1267  2
1207  1208  2
1207  1209  1
1208  1209  2
1208  1210  1
1208  1267  2
1208  1269  2
1209  1210  2
1209  1211  1
1210  1211  2
1210  1212  1
1210  1269  2
1210  1271  2
1211  1212  2
1211  1213  1
1212  1213  2
1212  1214  1
1212  1271  2
1212  1273  2
1213  1214  2
1213  1215  1
1214  1215  2
1214  1216  1
1214  1273  2
1214  1275  2
1215  1216  2
1215  1217  1
1216  1217  2
1216  1218  1
1216  1275  2
1216  1277  2
1217  1218  2
1217  1219  1
1218  1219  2
1218  1220  1
1218  1277  2
1218  1279  2
1219  1220  2
1219  1221  1
1220  1221  2
1220  1222  1
1220  1279  2
1220  1281  2
1221  1222  2
1221  1223  1
1222  1223  2
1222  1224  1
1222  1281  2
1222  1283  2
1223  1224  2
1223  1225  1
1224  1225  2
1224  1226  1
1224  1283  2
1224  1285  2
1225  1226  2
1225  1227  1
1226  1227  2
1226  1228  1
1226  1285  2
1226  1287  2
1227  1228  2
1227  1229  1
1228  1229  2
1228  1230  1
1228  1287  2
1228  1289  2
1229  1230  2
1229  1231  1
1230  1231  2
1230  1232  1
1230  1289  2
1230  1291  2
1231  1232  2
1231  1233  1
1232  1233  2
1232  1234  1
1232  1291  2
1232  1293  2
1233  1234  2
1233  1235  1
1234  1235  2
1234  1236  1
1234  1293  2
1234  1295  2
1235  1236  2
1235  1237  1
1236  1237  2
1236  1238  1
1236  1295  2
1236  1297  2
1237  1238  2
1237  1239  1
1238  1239  2
1238  1240  1
1238  1297  2
1238  1299  2
1239  1240  2
1239  1241  1
1240  1241  2
1240  1242  1
1240  1299  2
1240  1301  2
1241  1242  2
1241  1243  1
1242  1243  2
1242  1244  1
1242  1301  2
1242  1303  2
1243  1244  2
1243  1245  1
1244  1245  2
1244  1246  1
1244  1303  2
1244  1305  2
1245  1246  2
1245  1247  1
1246  1247  2
1246  1248  1
1246  1305  2
1246  1307  2
1247  1248  2
1247  1249  1
1248  1249  2
1248  1250  1
1248  1307  2
1248  1309  2
1249  1250  2
1249  1251  1
1250  1251  2
1250  1252  1
1250  1309  2
1250  1311  2
1251  1252  2
1251  1253  1
1252  1253  2
1252  1254  1
1252  1311  2
1252  1313  2
1253  1254  2
1253  1255  1
1254  1255  2
1254  1256  1
1254  1313  2
1254  1315  2
1255  1256  2
1255  1257  1
1256  1257  2
1256  1258  1
1256  1315  2
1256  1317  2
1257  1258  2
1257  1259  1
1258  1259  2
1258  1260  1
1258  1317  2
1258  1319  2
1259  1260  2
1260  1319  2
1261  1262  2
1261  1263  1
1262  1263  2
1262  1264  1
1262  1321  2
1262  1323  2
1263  1264  2
1263  1265  1
1264  1265  2
1264  1266  1
1264  1323  2
1264  1325  2
1265  1266  2
1265  1267  1
1266  1267  2
1266  1268  1
1266  1325  2
1266  1327  2
1267  1268  2
1267  1269  1
1268  1269  2
1268  1270  1
1268  1327  2
1268  1329  2
1269  1270  2
1269  1271  1
1270  1271  2
1270  1272  1
1270  1329  2
1270  1331  2
1271  1272  2
1271  1273  1
1272  1273  2
1272  1274  1
1272  1331  2
1272  1333  2
1273  1274  2
1273  1275  1
1274  1275  2
1274  1276  1
1274  1333  2
1274  1335  2
1275  1276  2
1275  1277  1
1276  1277  2
1276  1278  1
1276  1335  2
1276  1337  2
1277  1278  2
1277  1279  1
1278  1279  2
1278  1280  1
1278  1337  2
1278  1339  2
1279  1280  2
1279  1281  1
1280  1281  2
1280  1282  1
1280  1339  2
1280  1341  2
1281  1282  2
1281  1283  1
1282  1283  2
1282  1284  1
1282  1341  2
1282  1343  2
1283  1284  2
1283  1285  1
1284  1285  2
1284  1286  1
1284  1343  2
1284  1345  2
1285  1286  2
1285  1287  1
1286  1287  2
1286  1288  1
1286  1345  2
1286  1347  2
1287  1288  2
1287  1289  1
1288  1289  2
1288  1290  1
1288  1347  2
1288  1349  2
1289  1290  2
1289  1291  1
1290  1291  2
1290  1292  1
1290  1349  2
1290  1351  2
1291  1292  2
1291  1293  1
1292  1293  2
1292  1294  1
1292  1351  2
1292  1353  2
1293  1294  2
1293  1295  1
1294  1295  2
1294  1296  1
1294  1353  2
1294  1355  2
1295  1296  2
1295  1297  1
1296  1297  2
1296  1298  1
1296  1355  2
1296  1357  2
1297  1298  2
1297  1299  1
1298  1299  2
1298  1300  1
1298  1357  2
1298  1359  2
1299  1300  2
1299  1301  1
1300  1301  2
1300  1302  1
1300  1359  2
1300  1361  2
1301  1302  2
1301  1303  1
1302  1303  2
1302  1304  1
1302  1361  2
1302  1363  2
1303  1304  2
1303  1305  1
1304  1305  2
1304  1306  1
1304  1363  2
1304  1365  2
1305  1306  2
1305  1307  1
1306  1307  2
1306  1308  1
1306  1365  2
1306  1367  2
1307  1308  2
1307  1309  1
1308  1309  2
1308  1310  1
1308  1367  2
1308  1369  2
1309  1310  2
1309  1311  1
1310  1311  2
1310  1312  1
1310  1369  2
1310  1371  2
1311  1312  2
1311  1313  1
1312  1313  2
1312  1314  1
1312  1371  2
1312  1373  2
1313  1314  2
1313  1315  1
1314  1315  2
1314  1316  1
1314  1373  2
1314  1375  2
1315  1316  2
1315  1317  1
1316  1317  2
1316  1318  1
1316  1375  2
1316  1377  2
1317  1318  2
1317  1319  1
1318  1319  2
1318  1320  1
1318  1377  2
1318  1379  2
1319  1320  2
1320  1379  2
1321  1322  2
1321  1323  1
1322  1323  2
1322  1324  1
1322  1381  2
1322  1383  2
1323  1324  2
1323  1325  1
1324  1325  2
1324  1326  1
1324  1383  2
1324  1385  2
1325  1326  2
1325  1327  1
1326  1327  2
1326  1328  1
1326  1385  2
1326  1387  2
1327  1328  2
1327  1329  1
1328  1329  2
1328  1330  1
1328  1387  2
1328  1389  2
1329  1330  2
1329  1331  1
1330  1331  2
1330  1332  1
1330  1389  2
1330  1391  2
1331  1332  2
1331  1333  1
1332  1333  2
1332  1334  1
1332  1391  2
1332  1393  2
1333  1334  2
1333  1335  1
1334  1335  2
1334  1336  1
1334  1393  2
1334  1395  2
1335  1336  2
1335  1337  1
1336  1337  2
1336  1338  1
1336  1395  2
1336  1397  2
1337  1338  2
1337  1339  1
1338  1339  2
1338  1340  1
1338  1397  2
1338  1399  2
1339  1340  2
1339  1341  1
1340  1341  2
1340  1342  1
1340  1399  2
1340  1401  2
1341  1342  2
1341  1343  1
1342  1343  2
1342  1344  1
1342  1401  2
1342  1403  2
1343  1344  2
1343  1345  1
1344  1345  2
1344  1346  1
1344  1403  2
1344  1405  2
1345  1346  2
1345  1347  1
1346  1347  2
1346  1348  1
1346  1405  2
1346  1407  2
1347  1348  2
1347  1349  1
1348  1349  2
1348  1350  1
1348  1407  2
1348  1409  2
1349  1350  2
1349  1351  1
1350  1351  2
1350  1352  1
1350  1409  2
1350  1411  2
1351  1352  2
1351  1353  1
1352  1353  2
1352  1354  1
1352  1411  2
1352  1413  2
1353  1354  2
1353  1355  1
1354  1355  2
1354  1356  1
1354  1413  2
1354  1415  2
1355  1356  2
1355  1357  1
1356  1357  2
1356  1358  1
1356  1415  2
1356  1417  2
1357  1358  2
1357  1359  1
1358  1359  2
1358  1360  1
1358  1417  2
1358  1419  2
1359  1360  2
1359  1361  1
1360  1361  2
1360  1362  1
1360  1419  2
1360  1421  2
1361  1362  2
1361  1363  1
1362  1363  2
1362  1364  1
1362  1421  2
1362  1423  2
1363  1364  2
1363  1365  1
1364  1365  2
1364  1366  1
1364  1423  2
1364  1425  2
1365  1366  2
1365  1367  1
1366  1367  2
1366  1368  1
1366  1425  2
1366  1427  2
1367  1368  2
1367  1369  1
1368  1369  2
1368  1370  1
1368  1427  2
1368  1429  2
1369  1370  2
1369  1371  1
1370  1371  2
1370  1372  1
1370  1429  2
1370  1431  2
1371  1372  2
1371  1373  1
1372  1373  2
1372  1374  1
1372  1431  2
1372  1433  2
1373  1374  2
1373  1375  1
1374  1375  2
1374  1376  1
1374  1433  2
1374  1435  2
1375  1376  2
1375  1377  1
1376  1377  2
1376  1378  1
1376  1435  2
1376  1437  2
1377  1378  2
1377  1379  1
1378  1379  2
1378  1380  1
1378  1437  2
1378  1439  2
1379  1380  2
1380  1439  2
1381  1382  2
1381  1383  1
1382  1383  2
1382  1384  1
1382  1441  2
1382  1443  2
1383  1384  2
1383  1385  1
1384  1385  2
1384  1386  1
1384  1443  2
1384  1445  2
1385  1386  2
1385  1387  1
1386  1387  2
1386  1388  1
1386  1445  2
1386  1447  2
1387  1388  2
1387  1389  1
1388  1389  2
1388  1390  1
1388  1447  2
1388  1449  2
1389  1390  2
1389  1391  1
1390  1391  2
1390  1392  1
1390  1449  2
1390  1451  2
1391  1392  2
1391  1393  1
1392  1393  2
1392  1394  1
1392  1451  2
1392  1453  2
1393  1394  2
1393  1395  1
1394  1395  2
1394  1396  1
1394  1453  2
1394  1455  2
1395  1396  2
1395  1397  1
1396  1397  2
1396  1398  1
1396  1455  2
1396  1457  2
1397  1398  2
1397  1399  1
1398  1399  2
1398  1400  1
1398  1457  2
1398  1459  2
1399  1400  2
1399  1401  1
1400  1401  2
1400  1402  1
1400  1459  2
1400  1461  2
1401  1402  2
1401  1403  1
1402  1403  2
1402  1404  1
1402  1461  2
1402  1463  2
1403  1404  2
1403  1405  1
1404  1405  2
1404  1406  1
1404  1463  2
1404  1465  2
1405  1406  2
1405  1407  1
1406  1407  2
1406  1408  1
1406  1465  2
1406  1467  2
1407  1408  2
1407  1409  1
1408  1409  2
1408  1410  1
1408  1467  2
1408  1469  2
1409  1410  2
1409  1411  1
1410  1411  2
1410  1412  1
1410  1469  2
1410  1471  2
1411  1412  2
1411  1413  1
1412  1413  2
1412  1414  1
1412  1471  2
1412  1473  2
1413  1414  2
1413  1415  1
1414  1415  2
1414  1416  1
1414  1473  2
1414  1475  2
1415  1416  2
1415  1417  1
1416  1417  2
1416  1418  1
1416  1475  2
1416  1477  2
1417  1418  2
1417  1419  1
1418  1419  2
1418  1420  1
1418  1477  2
1418  1479  2
1419  1420  2
1419  1421  1
1420  1421  2
1420  1422  1
1420  1479  2
1420  1481  2
1421  1422  2
1421  1423  1
1422  1423  2
1422  1424  1
1422  1481  2
1422  1483  2
1423  1424  2
1423  1425  1
1424  1425  2
1424  1426  1
1424  1483  2
1424  1485  2
1425  1426  2
1425  1427  1
1426  1427  2
1426  1428  1
1426  1485  2
1426  1487  2
1427  1428  2
1427  1429  1
1428  1429  2
1428  1430  1
1428  1487  2
1428  1489  2
1429  1430  2
1429  1431  1
1430  1431  2
1430  1432  1
1430  1489  2
1430  1491  2
1431  1432  2
1431  1433  1
1432  1433  2
1432  1434  1
1432  1491  2
1432  1493  2
1433  1434  2
1433  1435  1
1434  1435  2
1434  1436  1
1434  1493  2
1434  1495  2
1435  1436  2
1435  1437  1
1436  1437  2
1436  1438  1
1436  1495  2
1436  1497  2
1437  1438  2
1437  1439  1
1438  1439  2
1438  1440  1
1438  1497  2
1438  1499  2
1439  1440  2
1440  1499  2
1441  1442  2
1441  1443  1
1442  1443  2
1442  1444  1
1443  1444  2
1443  1445  1
1444  1445  2
1444  1446  1
1445  1446  2
1445  1447  1
1446  1447  2
1446  1448  1
1447  1448  2
1447  1449  1
1448  1449  2
1448  1450  1
1449  1450  2
1449  1451  1
1450  1451  2
1450  1452  1
1451  1452  2
1451  1453  1
1452  1453  2
1452  1454  1
1453  1454  2
1453  1455  1
1454  1455  2
1454  1456  1
1455  1456  2
1455  1457  1
1456  1457  2
1456  1458  1
1457  1458  2
1457  1459  1
1458  1459  2
1458  1460  1
1459  1460  2
1459  1461  1
1460  1461  2
1460  1462  1
1461  1462  2
1461  1463  1
1462  1463  2
1462  1464  1
1463  1464  2
1463  1465  1
1464  1465  2
1464  1466  1
1465  1466  2
1465  1467  1
1466  1467  2
1466  1468  1
1467  1468  2
1467  1469  1
1468  1469  2
1468  1470  1
1469  1470  2
1469  1471  1
1470  1471  2
1470  1472  1
1471  1472  2
1471  1473  1
1472  1473  2
1472  1474  1
1473  1474  2
1473  1475  1
1474  1475  2
1474  1476  1
1475  1476  2
1475  1477  1
1476  1477  2
1476  1478  1
1477  1478  2
1477  1479  1
1478  1479  2
1478  1480  1
1479  1480  2
1479  1481  1
1480  1481  2
1480  1482  1
1481  1482  2
1481  1483  1
1482  1483  2
1482  1484  1
1483  1484  2
1483  1485  1
1484  1485  2
1484  1486  1
1485  1486  2
1485  1487  1
1486  1487  2
1486  1488  1
1487  1488  2
1487  1489  1
1488  1489  2
1488  1490  1
1489  1490  2
1489  1491  1
1490  1491  2
1490  1492  1
1491  1492  2
1491  1493  1
1492  1493  2
1492  1494  1
1493  1494  2
1493  1495  1
1494  1495  2
1494  1496  1
1495  1496  2
1495  1497  1
1496  1497  2
1496  1498  1
1497  1498  2
1497  1499  1
1498  1499  2
1498  1500  1
1499  1500  2
